0.000017 0.093167 0.034415 0.023004 0.000010 0.849387
0.000010 0.091680 0.027749 0.015913 0.000010 0.864638
0.000010 0.099828 0.045169 0.016504 0.000010 0.838479
0.000010 0.101211 0.023281 0.004411 0.000010 0.871078
0.000010 0.090134 0.028783 0.013655 0.000010 0.867408
0.000010 0.094359 0.016226 0.009369 0.000010 0.880026
0.000010 0.100915 0.021289 0.022312 0.000010 0.855464
0.000010 0.119727 0.038127 0.019223 0.000010 0.822903
0.031848 0.063107 0.028086 0.031349 0.000010 0.845600
0.000010 0.070761 0.030706 0.017005 0.000010 0.881508
0.000010 0.090518 0.034379 0.017475 0.000010 0.857609
0.021893 0.101060 0.024986 0.015713 0.000010 0.836339
0.005230 0.088719 0.035510 0.023335 0.000010 0.847197
0.000010 0.088823 0.018394 0.022813 0.000010 0.869949
0.014356 0.109042 0.033393 0.017598 0.000010 0.825602
0.000010 0.086198 0.037471 0.019527 0.000010 0.856783
0.032298 0.126762 0.027930 0.035365 0.000010 0.777634
0.036161 0.076103 0.033685 0.020144 0.000010 0.833897
0.000010 0.092501 0.027989 0.015654 0.000010 0.863837
0.054975 0.086943 0.013782 0.014803 0.000010 0.829487
0.004376 0.096645 0.023407 0.018052 0.000010 0.857510
0.000010 0.102037 0.023773 0.013556 0.000010 0.860614
0.000010 0.082475 0.025403 0.003124 0.000010 0.888978
0.000010 0.148967 0.032543 0.032123 0.000010 0.786347
0.000017 0.110319 0.020097 0.025984 0.000010 0.843573
0.018487 0.074308 0.026896 0.016418 0.000010 0.863881
0.006260 0.081072 0.031020 0.003612 0.000010 0.878026
0.000010 0.092405 0.032058 0.016339 0.000010 0.859178
0.000010 0.133906 0.032856 0.025193 0.000010 0.808025
0.000010 0.080329 0.041338 0.012905 0.000010 0.865409
0.000010 0.089273 0.022261 0.010799 0.000010 0.877646
0.054992 0.085534 0.025978 0.004342 0.000307 0.828847
0.000010 0.100187 0.026629 0.007637 0.000010 0.865527
0.000010 0.080411 0.031722 0.016867 0.000010 0.870980
0.000010 0.070339 0.032813 0.014666 0.000010 0.882162
0.015052 0.083328 0.027022 0.008905 0.000010 0.865683
0.015145 0.128514 0.022147 0.022913 0.000010 0.811271
0.000010 0.103385 0.035337 0.035622 0.000010 0.825636
0.002938 0.107466 0.028591 0.020054 0.000010 0.840941
0.011231 0.119532 0.021632 0.014050 0.000010 0.833545
0.035003 0.119033 0.024445 0.018556 0.001463 0.801500
0.000010 0.511307 0.056678 0.000010 0.000010 0.431985
0.000010 0.516659 0.049310 0.000010 0.000010 0.434001
0.000010 0.480478 0.042807 0.000010 0.000010 0.476685
0.000010 0.503681 0.043543 0.000010 0.000010 0.452746
0.000010 0.474565 0.044548 0.000010 0.000010 0.480857
0.000010 0.506927 0.054481 0.000010 0.000010 0.438562
0.000010 0.518761 0.051957 0.000010 0.000010 0.429252
0.000010 0.483910 0.039333 0.002461 0.000010 0.474276
0.000010 0.489386 0.041668 0.000010 0.000010 0.468915
0.000010 0.535404 0.027557 0.000010 0.000010 0.437009
0.000010 0.521544 0.032414 0.000010 0.000010 0.446012
0.000010 0.469523 0.059419 0.000010 0.000010 0.471028
0.000010 0.523550 0.042408 0.000010 0.000010 0.434012
0.002509 0.499210 0.053373 0.000010 0.000010 0.444888
0.023197 0.078623 0.020078 0.019933 0.000010 0.858158
0.015352 0.089870 0.017576 0.003017 0.000010 0.874175
0.070034 0.067954 0.015547 0.018031 0.000010 0.828424
0.000010 0.083507 0.022134 0.016821 0.000010 0.877518
0.033034 0.096228 0.028922 0.016434 0.000010 0.825371
0.027484 0.069246 0.020715 0.015354 0.000010 0.867191
0.062978 0.098523 0.027097 0.018308 0.000010 0.793085
0.056522 0.079315 0.024190 0.016053 0.001448 0.822472
0.032431 0.088064 0.023254 0.011795 0.000010 0.844445
0.041997 0.082471 0.023592 0.011130 0.000010 0.840799
0.025339 0.070884 0.026149 0.006369 0.000010 0.871249
0.043482 0.094010 0.023612 0.009050 0.006405 0.823441
0.047866 0.079950 0.022621 0.022110 0.000792 0.826661
0.074335 0.082980 0.009566 0.012720 0.007600 0.812800
0.038171 0.058911 0.036597 0.017467 0.000010 0.848843
0.019560 0.063080 0.030754 0.011906 0.000010 0.874691
0.043168 0.074018 0.025178 0.011308 0.000010 0.846317
0.000010 0.093784 0.025311 0.014740 0.000010 0.866145
0.014193 0.086254 0.024605 0.014013 0.000010 0.860926
0.039134 0.086573 0.026956 0.010407 0.000010 0.836920
0.000891 0.166757 0.039495 0.034455 0.000010 0.758392
0.000010 0.164969 0.037315 0.035109 0.000010 0.762587
0.000010 0.150048 0.049706 0.029814 0.000010 0.770412
0.000010 0.127778 0.044739 0.040740 0.000010 0.786723
0.000010 0.163353 0.039942 0.027980 0.000010 0.768705
0.000010 0.149394 0.041414 0.027655 0.000010 0.781517
0.000010 0.144060 0.051467 0.022594 0.000010 0.781858
0.000010 0.161198 0.050188 0.044078 0.000010 0.744516
0.000010 0.153556 0.042530 0.034411 0.000010 0.769483
0.000010 0.143482 0.049585 0.035042 0.000010 0.771871
0.000010 0.149974 0.033436 0.038765 0.000010 0.777806
0.000010 0.188023 0.037056 0.038048 0.000010 0.736853
0.010293 0.148419 0.047089 0.041369 0.000010 0.752820
0.000012 0.156283 0.052404 0.028730 0.000010 0.762562
0.000010 0.120446 0.047014 0.032978 0.000010 0.799542
0.000010 0.150635 0.047218 0.020648 0.000010 0.781480
0.000010 0.126100 0.039182 0.019547 0.000010 0.815152
0.000010 0.134095 0.050777 0.034967 0.000010 0.780140
0.000010 0.116091 0.051577 0.020955 0.000010 0.811356
0.000010 0.145445 0.040633 0.029427 0.000010 0.784475
0.000010 0.144692 0.041295 0.035144 0.000010 0.778850
0.000010 0.155163 0.042732 0.030560 0.000010 0.771526
0.000017 0.112199 0.047991 0.024043 0.000010 0.815740
0.000010 0.110629 0.050858 0.010630 0.000010 0.827862
0.000010 0.146778 0.044797 0.026717 0.000010 0.781688
0.000010 0.158609 0.043496 0.035585 0.000010 0.762291
0.000010 0.132180 0.032205 0.016436 0.000010 0.819160
0.000010 0.154425 0.041932 0.050966 0.000010 0.752657
0.000019 0.134632 0.038512 0.011843 0.000010 0.814985
0.000010 0.151602 0.035501 0.020008 0.000010 0.792869
0.000010 0.134976 0.060158 0.026586 0.000010 0.778259
0.000010 0.103501 0.054546 0.024502 0.000010 0.817432
0.000010 0.121472 0.042335 0.023524 0.001959 0.810701
0.000010 0.115436 0.040588 0.014615 0.000010 0.829341
0.000010 0.095242 0.062731 0.026604 0.000010 0.815403
0.000010 0.105098 0.052017 0.020528 0.000010 0.822337
0.000010 0.116335 0.044675 0.032039 0.000010 0.806931
0.000010 0.111924 0.048930 0.015405 0.000010 0.823721
0.000010 0.112074 0.060107 0.013551 0.000010 0.814248
0.000010 0.119171 0.053347 0.020506 0.000010 0.806956
0.000010 0.133697 0.052341 0.012344 0.000010 0.801598
0.000010 0.121188 0.059212 0.011539 0.000010 0.808042
0.000010 0.109109 0.052418 0.021999 0.000010 0.816453
0.000010 0.125875 0.042945 0.012038 0.000010 0.819123
0.000010 0.103241 0.055439 0.017007 0.000010 0.824292
0.000010 0.097813 0.065200 0.015528 0.000010 0.821439
0.000010 0.127257 0.054336 0.015946 0.000010 0.802441
0.000010 0.116146 0.051551 0.023906 0.000010 0.808378
0.000010 0.239027 0.050587 0.030734 0.000010 0.679631
0.000010 0.219131 0.042513 0.027194 0.000010 0.711142
0.008048 0.230784 0.045122 0.030802 0.006109 0.679135
0.000010 0.233447 0.039780 0.026429 0.000010 0.700325
0.000010 0.220217 0.044409 0.027345 0.000010 0.708009
0.000010 0.213076 0.043702 0.033627 0.000010 0.709574
0.000010 0.227104 0.050566 0.031031 0.000010 0.691279
0.000010 0.230688 0.033318 0.026937 0.000010 0.709037
0.000010 0.228284 0.053778 0.024101 0.000010 0.693818
0.000010 0.232869 0.047788 0.029348 0.000010 0.689975
0.000010 0.231313 0.049742 0.024646 0.000010 0.694279
0.000010 0.221946 0.032326 0.028515 0.000010 0.717193
0.000010 0.221363 0.042076 0.028200 0.000010 0.708340
0.000010 0.234719 0.045400 0.020973 0.000010 0.698888
0.000010 0.242977 0.050362 0.033294 0.000010 0.673347
0.000010 0.218133 0.046805 0.028080 0.000010 0.706962
0.000010 0.231291 0.048368 0.028427 0.000010 0.691893
0.000010 0.234730 0.041705 0.018524 0.000010 0.705020
0.000010 0.229282 0.033506 0.016756 0.000010 0.720437
0.000010 0.206252 0.046285 0.032147 0.000010 0.715296
0.000010 0.225341 0.047855 0.018141 0.000010 0.708643
0.000010 0.213784 0.057732 0.027771 0.000010 0.700693
0.000010 0.221770 0.054081 0.025416 0.000010 0.698712
0.000017 0.000010 0.000010 0.000010 0.999943 0.000010
0.346521 0.000010 0.000010 0.000010 0.653439 0.000010
0.316922 0.000010 0.000010 0.000010 0.683038 0.000010
0.355686 0.000010 0.000010 0.000010 0.644274 0.000010
0.362774 0.000010 0.000010 0.000010 0.637186 0.000010
0.333059 0.000010 0.000010 0.000010 0.666901 0.000010
0.373231 0.000010 0.000010 0.000010 0.626729 0.000010
0.301987 0.000010 0.000010 0.000010 0.697973 0.000010
0.000013 0.000010 0.000010 0.000010 0.999947 0.000010
0.000010 0.000010 0.000010 0.000010 0.999950 0.000010
0.336181 0.000010 0.000010 0.000010 0.663779 0.000010
0.309492 0.000010 0.000010 0.000010 0.690468 0.000010
0.331545 0.000010 0.000010 0.000010 0.668415 0.000010
0.000010 0.000010 0.000010 0.000010 0.999950 0.000010
0.351404 0.000010 0.000010 0.000010 0.648556 0.000010
0.339600 0.000010 0.000010 0.000010 0.660360 0.000010
0.371236 0.000010 0.000010 0.000010 0.628724 0.000010
0.365086 0.000010 0.000010 0.000010 0.634874 0.000010
0.000010 0.000010 0.000010 0.000010 0.999950 0.000010
0.369732 0.000010 0.000010 0.000010 0.630228 0.000010
0.021384 0.000010 0.008040 0.000010 0.970546 0.000010
0.000010 0.000010 0.000010 0.000010 0.999950 0.000010
0.000016 0.000010 0.015485 0.000010 0.000010 0.984469
0.000010 0.000010 0.009291 0.000010 0.000010 0.990669
0.000010 0.000010 0.021667 0.000010 0.000010 0.978293
0.000010 0.000010 0.025039 0.000010 0.000010 0.974921
0.000010 0.000010 0.011248 0.000010 0.000010 0.988712
0.000010 0.000010 0.015756 0.000010 0.000010 0.984204
0.000010 0.000010 0.021688 0.000010 0.000010 0.978272
0.000010 0.000010 0.010717 0.000010 0.000010 0.989243
0.000019 0.000010 0.022586 0.000010 0.000010 0.977366
0.000010 0.000010 0.013385 0.000010 0.000010 0.986575
0.000019 0.000010 0.023135 0.000010 0.000010 0.976816
0.000010 0.000010 0.013471 0.000010 0.000010 0.986489
0.000010 0.000010 0.022733 0.000010 0.000010 0.977227
0.000017 0.000010 0.021764 0.000010 0.000010 0.978189
0.000010 0.000010 0.028964 0.000010 0.000010 0.970996
0.000010 0.000010 0.024708 0.002876 0.000010 0.972386
0.000010 0.000010 0.019232 0.000010 0.000010 0.980728
0.000010 0.000010 0.000010 0.000010 0.000010 0.999950
0.000010 0.000010 0.023503 0.000010 0.000010 0.976457
0.000010 0.000010 0.024629 0.000010 0.000010 0.975331
0.000018 0.000010 0.027787 0.000017 0.000010 0.972158
0.000010 0.002776 0.012397 0.000010 0.000010 0.984797
0.000010 0.000010 0.014930 0.000010 0.000010 0.985030
0.000010 0.000010 0.007424 0.000010 0.000010 0.992536
0.000010 0.000010 0.024302 0.000010 0.000010 0.975658
0.000010 0.000010 0.000010 0.999950 0.000010 0.000010
0.000010 0.000010 0.000010 0.999950 0.000010 0.000010
0.000010 0.000010 0.000010 0.999950 0.000010 0.000010
0.000010 0.000010 0.000010 0.999950 0.000010 0.000010
0.000010 0.000010 0.000010 0.999950 0.000010 0.000010
0.000016 0.000010 0.000014 0.999940 0.000010 0.000010
0.000010 0.000010 0.000010 0.999950 0.000010 0.000010
0.000010 0.000010 0.000010 0.999950 0.000010 0.000010
0.000010 0.000010 0.000010 0.999950 0.000010 0.000010
0.000010 0.000010 0.000010 0.999950 0.000010 0.000010
0.000010 0.000010 0.000010 0.999950 0.000010 0.000010
0.000010 0.000010 0.000010 0.999950 0.000010 0.000010
0.000010 0.000010 0.000010 0.999950 0.000010 0.000010
0.000010 0.000010 0.000010 0.999950 0.000010 0.000010
0.001086 0.000010 0.000010 0.000010 0.000010 0.998874
0.000010 0.000010 0.000010 0.000010 0.000010 0.999950
0.011998 0.000010 0.000171 0.000010 0.000010 0.987802
0.000013 0.000010 0.000010 0.000010 0.000010 0.999947
0.022348 0.000010 0.000684 0.000010 0.000010 0.976938
0.001851 0.000010 0.004225 0.000010 0.000010 0.993894
0.022777 0.000010 0.000010 0.000010 0.000010 0.977183
0.002576 0.000010 0.000010 0.000010 0.000010 0.997384
0.003874 0.000010 0.000010 0.000010 0.000010 0.996086
0.021749 0.011422 0.000010 0.000010 0.000010 0.966799
0.012685 0.000010 0.000010 0.000010 0.000010 0.987275
0.009714 0.000010 0.000010 0.000010 0.000010 0.990246
0.015516 0.000010 0.000010 0.000010 0.000010 0.984444
0.000010 0.000010 0.000010 0.000010 0.000010 0.999950
0.018208 0.000025 0.000010 0.000010 0.000010 0.981738
0.000857 0.000010 0.006942 0.000010 0.000010 0.992170
0.015978 0.000010 0.000010 0.000010 0.000010 0.983982
0.000829 0.000010 0.000067 0.000010 0.000010 0.999074
0.024724 0.011858 0.002276 0.000010 0.000010 0.961122
0.015886 0.009332 0.000010 0.000010 0.000010 0.974752
0.010883 0.011983 0.000115 0.000010 0.000010 0.976998
0.013937 0.006912 0.000010 0.000010 0.000010 0.979121
0.021360 0.000010 0.002991 0.000010 0.000010 0.975619
0.000010 0.000010 0.000010 0.000010 0.000010 0.999950
0.021808 0.000010 0.001393 0.000010 0.000010 0.976769
0.016586 0.000010 0.000010 0.000010 0.000010 0.983374
0.017243 0.000010 0.001589 0.000010 0.000010 0.981138
0.021579 0.000010 0.000010 0.004464 0.000010 0.973927
0.013659 0.000010 0.003368 0.000010 0.000010 0.982943
0.010989 0.000010 0.000010 0.000010 0.000010 0.988971
0.007974 0.000010 0.002232 0.000010 0.000010 0.989764
0.006658 0.000010 0.003043 0.000010 0.000010 0.990269
0.024291 0.000010 0.000010 0.000010 0.000010 0.975669
0.000010 0.000010 0.000010 0.000010 0.000010 0.999950
0.011719 0.003202 0.000010 0.000027 0.000010 0.985032
0.016092 0.000010 0.000010 0.001914 0.000010 0.981965
0.012393 0.002342 0.002224 0.000012 0.000010 0.983020
0.000010 0.000010 0.000010 0.000010 0.000010 0.999950
0.021393 0.001044 0.000010 0.000010 0.000010 0.977533
0.075243 0.000010 0.000010 0.000010 0.000010 0.924717
0.064807 0.000010 0.000010 0.000010 0.000010 0.935153
0.109321 0.000010 0.000010 0.000010 0.004900 0.885749
0.056952 0.000010 0.000010 0.000010 0.000010 0.943008
0.172016 0.002236 0.000010 0.000010 0.000010 0.825718
0.045499 0.000010 0.000010 0.000010 0.000010 0.954461
0.078312 0.006606 0.014757 0.002919 0.000010 0.897397
0.094172 0.000010 0.000010 0.000010 0.000010 0.905788
0.069467 0.005335 0.000010 0.000010 0.000010 0.925168
0.046837 0.000010 0.000010 0.000010 0.000010 0.953123
0.054825 0.000010 0.000010 0.000010 0.000010 0.945135
0.077961 0.000010 0.000010 0.000010 0.002613 0.919397
0.136337 0.000010 0.000010 0.000010 0.000010 0.863623
0.083612 0.007966 0.001021 0.000010 0.000010 0.907381
0.073327 0.000010 0.000010 0.000010 0.000010 0.926633
0.074690 0.000010 0.000010 0.000010 0.000010 0.925270
0.068918 0.010515 0.000010 0.000010 0.000010 0.920537
0.074969 0.008041 0.001308 0.000010 0.000010 0.915663
0.083160 0.015239 0.001931 0.000010 0.000010 0.899650
0.100175 0.000010 0.000010 0.000010 0.000010 0.899785
0.052714 0.000010 0.000010 0.000010 0.000010 0.947246
0.051978 0.000010 0.000010 0.000010 0.000010 0.947982
0.143605 0.000010 0.000010 0.000010 0.007214 0.849151
0.146350 0.000444 0.000010 0.000010 0.000010 0.853176
0.107987 0.000010 0.008006 0.000010 0.000010 0.883977
0.056577 0.000010 0.000010 0.000010 0.000010 0.943383
0.105765 0.006286 0.000010 0.000010 0.000010 0.887919
0.139197 0.000010 0.003980 0.000010 0.000010 0.856794
0.074863 0.000010 0.000010 0.000010 0.000010 0.925097
0.156531 0.000629 0.000010 0.000010 0.000010 0.842809
0.061322 0.000010 0.000010 0.000010 0.000010 0.938638
0.072405 0.005718 0.000010 0.000010 0.000010 0.921847
0.046964 0.000010 0.000010 0.000010 0.000010 0.952996
0.075271 0.011074 0.000010 0.000010 0.000010 0.913625
0.105356 0.011969 0.000010 0.000010 0.000010 0.882645
0.168901 0.000010 0.001444 0.000010 0.000035 0.829599
0.090611 0.000939 0.000010 0.000010 0.000010 0.908421
0.057105 0.000010 0.000010 0.000010 0.000010 0.942855
0.046838 0.000010 0.000010 0.000010 0.000010 0.953122
0.055223 0.000010 0.000010 0.000010 0.000010 0.944737
0.066878 0.000010 0.000010 0.000010 0.000010 0.933082
0.058648 0.000010 0.000010 0.000010 0.000010 0.941312
0.060034 0.005784 0.007610 0.000010 0.000010 0.926552
0.000010 0.209272 0.000010 0.790688 0.000010 0.000010
0.000010 0.213530 0.000010 0.786430 0.000010 0.000010
0.000010 0.203820 0.000010 0.796140 0.000010 0.000010
0.000010 0.208704 0.006658 0.784608 0.000010 0.000010
0.000010 0.243010 0.000010 0.756950 0.000010 0.000010
0.000010 0.197303 0.000010 0.802657 0.000010 0.000010
0.000010 0.208112 0.000010 0.791848 0.000010 0.000010
0.000010 0.000010 0.000010 0.000010 0.000010 0.999950
0.000010 0.000010 0.000010 0.000010 0.000010 0.999950
0.000010 0.000010 0.000010 0.000010 0.000010 0.999950
0.000010 0.000010 0.000010 0.000010 0.000010 0.999950
0.000010 0.000010 0.000010 0.000010 0.000010 0.999950
0.000010 0.000010 0.000010 0.000010 0.000010 0.999950
0.000010 0.000010 0.000010 0.000010 0.000010 0.999950
0.000010 0.000010 0.000010 0.000010 0.000010 0.999950
0.000010 0.000010 0.000010 0.000010 0.000010 0.999950
0.058547 0.002401 0.001855 0.000010 0.000010 0.937178
0.065723 0.003901 0.000010 0.000010 0.000010 0.930345
0.063483 0.000010 0.000010 0.000010 0.000010 0.936477
0.058960 0.000010 0.000010 0.003587 0.000010 0.937423
0.101367 0.000616 0.000890 0.000010 0.000010 0.897108
0.082488 0.008326 0.000010 0.000010 0.000010 0.909156
0.063420 0.009350 0.000010 0.002503 0.000010 0.924706
0.104479 0.000010 0.000010 0.000010 0.000010 0.895481
0.098471 0.000898 0.000010 0.000010 0.000010 0.900602
0.046677 0.000010 0.000010 0.000010 0.000259 0.953034
0.061397 0.000010 0.000010 0.000010 0.000010 0.938563
0.060024 0.000010 0.000010 0.000010 0.000010 0.939936
0.058211 0.000010 0.000010 0.000010 0.000010 0.941749
0.073996 0.004680 0.002598 0.000010 0.000010 0.918706
0.057173 0.002413 0.000010 0.001843 0.000010 0.938552
0.058334 0.003930 0.000010 0.000010 0.000010 0.937706
0.052778 0.000010 0.000010 0.000010 0.000010 0.947182
0.075472 0.000010 0.000010 0.000010 0.000010 0.924488
0.065129 0.001878 0.000010 0.000010 0.000010 0.932963
0.088708 0.012045 0.000010 0.000010 0.000010 0.899218
0.048093 0.000010 0.000010 0.000010 0.000010 0.951867
0.000010 0.000010 0.999950 0.000010 0.000010 0.000010
0.000010 0.013637 0.986323 0.000010 0.000010 0.000010
0.000010 0.013901 0.986059 0.000010 0.000010 0.000010
0.000010 0.861709 0.000010 0.037192 0.000010 0.101068
0.000010 0.930395 0.000010 0.014165 0.000010 0.055410
0.000010 0.842100 0.000010 0.039576 0.000010 0.118294
0.001051 0.912747 0.001305 0.028304 0.000010 0.056584
0.002835 0.865087 0.000010 0.049256 0.000010 0.082803
0.000010 0.911466 0.000010 0.020191 0.000010 0.068313
0.000010 0.869271 0.000010 0.035860 0.000010 0.094839
0.000010 0.861483 0.000010 0.045387 0.000010 0.093100
0.074625 0.014859 0.000010 0.000010 0.000010 0.910486
0.070294 0.000010 0.000010 0.000010 0.000010 0.929666
0.069499 0.000010 0.000010 0.000010 0.000010 0.930461
0.071718 0.000010 0.000010 0.000010 0.000010 0.928242
0.058626 0.000464 0.000010 0.000010 0.000010 0.940881
0.075448 0.000010 0.001121 0.000010 0.000010 0.923400
0.055016 0.007456 0.000010 0.000010 0.000010 0.937498
0.112681 0.000010 0.000010 0.000010 0.000010 0.887279
0.054315 0.000010 0.000010 0.000010 0.000010 0.945645
0.061145 0.003825 0.000010 0.000010 0.000010 0.935001
0.072058 0.000010 0.000010 0.000010 0.000010 0.927902
0.063696 0.000010 0.000010 0.000010 0.000010 0.936264
0.059992 0.000010 0.000010 0.000010 0.000010 0.939968
0.061425 0.000010 0.000010 0.000010 0.000010 0.938535
0.101591 0.013393 0.000010 0.000010 0.000010 0.884986
0.058407 0.000010 0.006864 0.000010 0.000010 0.934699
0.079912 0.002265 0.000010 0.000010 0.000010 0.917793
0.062696 0.015262 0.000010 0.000010 0.000010 0.922012
0.000010 0.999950 0.000010 0.000010 0.000010 0.000010
0.000010 0.999950 0.000010 0.000010 0.000010 0.000010
0.000010 0.995755 0.004205 0.000010 0.000010 0.000010
0.000010 0.987485 0.012475 0.000010 0.000010 0.000010
0.000012 0.993640 0.006318 0.000010 0.000010 0.000010
0.000010 0.997817 0.002143 0.000010 0.000010 0.000010
0.000010 0.995283 0.004677 0.000010 0.000010 0.000010
0.000010 0.992529 0.007431 0.000010 0.000010 0.000010
0.000010 0.984940 0.015020 0.000010 0.000010 0.000010
0.000014 0.972164 0.027793 0.000010 0.000010 0.000010
0.000010 0.986969 0.012991 0.000010 0.000010 0.000010
0.000010 0.994532 0.005428 0.000010 0.000010 0.000010
0.000010 0.993486 0.006474 0.000010 0.000010 0.000010
0.000010 0.993838 0.006122 0.000010 0.000010 0.000010
0.000010 0.981195 0.014590 0.000010 0.000010 0.004185
0.000010 0.987134 0.012826 0.000010 0.000010 0.000010
0.000010 0.999950 0.000010 0.000010 0.000010 0.000010
0.000010 0.999395 0.000565 0.000010 0.000010 0.000010
0.000010 0.994950 0.005010 0.000010 0.000010 0.000010
0.000010 0.990155 0.009805 0.000010 0.000010 0.000010
0.000010 0.985139 0.014821 0.000010 0.000010 0.000010
0.000010 0.993387 0.006573 0.000010 0.000010 0.000010
0.000010 0.993205 0.006755 0.000010 0.000010 0.000010
0.000010 0.976578 0.023382 0.000010 0.000010 0.000010
0.000010 0.992707 0.007253 0.000010 0.000010 0.000010
0.000010 0.992469 0.007491 0.000010 0.000010 0.000010
0.000012 0.999948 0.000010 0.000010 0.000010 0.000010
0.000010 0.999950 0.000010 0.000010 0.000010 0.000010
0.000010 0.999950 0.000010 0.000010 0.000010 0.000010
0.000010 0.993554 0.006406 0.000010 0.000010 0.000010
0.000010 0.999950 0.000010 0.000010 0.000010 0.000010
0.000010 0.999950 0.000010 0.000010 0.000010 0.000010
0.000010 0.999950 0.000010 0.000010 0.000010 0.000010
0.000010 0.999950 0.000010 0.000010 0.000010 0.000010
0.000010 0.999950 0.000010 0.000010 0.000010 0.000010
0.000010 0.999950 0.000010 0.000010 0.000010 0.000010
0.000010 0.999950 0.000010 0.000010 0.000010 0.000010
0.000010 0.999950 0.000010 0.000010 0.000010 0.000010
0.000010 0.194799 0.000010 0.805161 0.000010 0.000010
0.000010 0.203282 0.000010 0.796678 0.000010 0.000010
0.000010 0.992009 0.007951 0.000010 0.000010 0.000010
0.000010 0.991408 0.008552 0.000010 0.000010 0.000010
0.000017 0.000010 0.035021 0.000013 0.000010 0.964929
0.000019 0.000010 0.037729 0.000010 0.000010 0.962222
0.000010 0.000010 0.035816 0.000020 0.000010 0.964134
0.000010 0.000010 0.025845 0.000010 0.000010 0.974115
0.000017 0.000010 0.036328 0.000010 0.000010 0.963625
0.000010 0.000010 0.033688 0.000010 0.000010 0.966272
0.000010 0.000010 0.030639 0.000010 0.000010 0.969321
0.000016 0.000010 0.030114 0.000010 0.000010 0.969840
0.000016 0.000010 0.028088 0.000010 0.000010 0.971867
0.000016 0.000010 0.015503 0.000010 0.000010 0.984451
0.000010 0.000010 0.018639 0.000011 0.000010 0.981320
0.000013 0.000010 0.034163 0.000010 0.000010 0.965794
0.000019 0.000010 0.016753 0.000010 0.000010 0.983198
0.000010 0.999950 0.000010 0.000010 0.000010 0.000010
0.000010 0.999950 0.000010 0.000010 0.000010 0.000010
0.000010 0.999950 0.000010 0.000010 0.000010 0.000010
0.000010 0.999950 0.000010 0.000010 0.000010 0.000010
0.000010 0.999950 0.000010 0.000010 0.000010 0.000010
0.000010 0.999950 0.000010 0.000010 0.000010 0.000010
0.000010 0.999950 0.000010 0.000010 0.000010 0.000010
0.000010 0.999950 0.000010 0.000010 0.000010 0.000010
0.000010 0.999950 0.000010 0.000010 0.000010 0.000010
0.000010 0.999950 0.000010 0.000010 0.000010 0.000010
0.000010 0.999950 0.000010 0.000010 0.000010 0.000010
0.000010 0.999950 0.000010 0.000010 0.000010 0.000010
0.000010 0.000010 0.999942 0.000018 0.000010 0.000010
0.000010 0.000010 0.999950 0.000010 0.000010 0.000010
0.000010 0.000010 0.999950 0.000010 0.000010 0.000010
0.000010 0.000010 0.999950 0.000010 0.000010 0.000010
0.000010 0.000010 0.999950 0.000010 0.000010 0.000010
0.000010 0.000010 0.999950 0.000010 0.000010 0.000010
0.000010 0.000010 0.999950 0.000010 0.000010 0.000010
0.000010 0.000010 0.999950 0.000010 0.000010 0.000010
0.000010 0.056353 0.852046 0.000010 0.000010 0.091571
0.000010 0.077871 0.917230 0.000010 0.000010 0.004869
0.000010 0.053063 0.898303 0.000010 0.000010 0.048604
0.000010 0.060389 0.939571 0.000010 0.000010 0.000010
0.000010 0.047464 0.889213 0.000010 0.000010 0.063294
0.000010 0.045512 0.890362 0.000010 0.000010 0.064096
0.016245 0.043780 0.771191 0.000010 0.000010 0.168764
0.000010 0.047342 0.844225 0.000010 0.000010 0.108403
0.043884 0.051962 0.848289 0.000010 0.000010 0.055846
0.000010 0.060329 0.889411 0.000010 0.000010 0.050230
0.000010 0.051677 0.908252 0.000010 0.000010 0.040041
0.004778 0.044636 0.802690 0.000010 0.000010 0.147875
0.000010 0.043016 0.766153 0.000010 0.000010 0.190801
0.000010 0.038511 0.890012 0.000010 0.000010 0.071447
0.000010 0.041738 0.885771 0.000010 0.000010 0.072461
0.000010 0.053507 0.909187 0.000010 0.000010 0.037276
0.018849 0.065027 0.839095 0.000010 0.000010 0.077010
0.000010 0.051871 0.822305 0.000010 0.000010 0.125794
0.000010 0.047606 0.065204 0.000010 0.000010 0.887160
0.000010 0.055235 0.049012 0.000010 0.000010 0.895722
0.000010 0.066903 0.057744 0.000010 0.000010 0.875324
0.000010 0.057950 0.058144 0.000010 0.000010 0.883875
0.000016 0.037891 0.052517 0.000010 0.000010 0.909556
0.000010 0.051002 0.055553 0.000010 0.000010 0.893416
0.000010 0.044500 0.050898 0.000010 0.000010 0.904572
0.000014 0.047211 0.060959 0.000010 0.000010 0.891796
0.000010 0.050831 0.067244 0.000010 0.000010 0.881894
0.000010 0.074252 0.051379 0.000010 0.000010 0.874339
0.000010 0.067606 0.058646 0.000010 0.000010 0.873719
0.000010 0.072653 0.067860 0.000016 0.000010 0.859451
0.000010 0.065483 0.063526 0.000010 0.000010 0.870961
0.000010 0.067163 0.074513 0.000010 0.000010 0.858293
0.000010 0.071645 0.058743 0.000010 0.000010 0.869582
0.000010 0.044587 0.071419 0.000010 0.000010 0.883964
0.000010 0.069524 0.069076 0.000010 0.000010 0.861371
0.000010 0.055581 0.068800 0.000010 0.000010 0.875589
0.000010 0.036251 0.060108 0.000010 0.000010 0.903611
0.000016 0.052500 0.066457 0.000010 0.000010 0.881008
0.000010 0.047286 0.066920 0.000018 0.000010 0.885755
0.000010 0.064332 0.045384 0.000010 0.000010 0.890253
0.999950 0.000010 0.000010 0.000010 0.000010 0.000010
0.986460 0.000010 0.000010 0.000010 0.000010 0.013500
0.986033 0.000010 0.000010 0.000010 0.000010 0.013927
0.991099 0.000010 0.000010 0.000010 0.000010 0.008861
0.991387 0.000010 0.000010 0.000010 0.000010 0.008573
0.987764 0.000010 0.003640 0.000010 0.000010 0.008565
0.979349 0.000010 0.008976 0.000010 0.000010 0.011646
0.999950 0.000010 0.000010 0.000010 0.000010 0.000010
0.989195 0.000010 0.000752 0.000010 0.000010 0.010023
0.973729 0.000010 0.004366 0.000010 0.000010 0.021875
0.976595 0.000010 0.011652 0.000010 0.000010 0.011722
0.999947 0.000010 0.000010 0.000010 0.000013 0.000010
0.999949 0.000010 0.000010 0.000010 0.000011 0.000010
0.999946 0.000010 0.000010 0.000010 0.000014 0.000010
0.999950 0.000010 0.000010 0.000010 0.000010 0.000010
0.999950 0.000010 0.000010 0.000010 0.000010 0.000010
0.999950 0.000010 0.000010 0.000010 0.000010 0.000010
0.999950 0.000010 0.000010 0.000010 0.000010 0.000010
0.994438 0.000010 0.005522 0.000010 0.000010 0.000010
0.999950 0.000010 0.000010 0.000010 0.000010 0.000010
0.999950 0.000010 0.000010 0.000010 0.000010 0.000010
0.999950 0.000010 0.000010 0.000010 0.000010 0.000010
0.999950 0.000010 0.000010 0.000010 0.000010 0.000010
0.999950 0.000010 0.000010 0.000010 0.000010 0.000010
0.999950 0.000010 0.000010 0.000010 0.000010 0.000010
0.999002 0.000010 0.000958 0.000010 0.000010 0.000010
0.998773 0.000010 0.001187 0.000010 0.000010 0.000010
0.999950 0.000010 0.000010 0.000010 0.000010 0.000010
0.999950 0.000010 0.000010 0.000010 0.000010 0.000010
0.999950 0.000010 0.000010 0.000010 0.000010 0.000010
0.999950 0.000010 0.000010 0.000010 0.000010 0.000010
0.999950 0.000010 0.000010 0.000010 0.000010 0.000010
0.000010 0.808007 0.087898 0.000010 0.000010 0.104065
0.000010 0.814034 0.075488 0.000010 0.000010 0.110448
0.000010 0.787162 0.082346 0.000010 0.000010 0.130462
0.000010 0.750218 0.090938 0.000010 0.000010 0.158814
0.000010 0.739523 0.080013 0.000010 0.000010 0.180433
0.000010 0.810838 0.093967 0.000010 0.000010 0.095165
0.000010 0.799381 0.088624 0.000010 0.000010 0.111966
0.000010 0.809986 0.092757 0.000010 0.000010 0.097227
0.000010 0.805146 0.098911 0.000010 0.000010 0.095913
0.000010 0.808168 0.089771 0.000010 0.000010 0.102031
0.000010 0.773051 0.075187 0.000010 0.000010 0.151732
0.000010 0.825795 0.088610 0.000010 0.000010 0.085565
0.000010 0.804593 0.079894 0.000010 0.000010 0.115483
0.000010 0.801544 0.097886 0.000010 0.000010 0.100540
0.000010 0.810676 0.090121 0.000010 0.000010 0.099173
0.000010 0.777794 0.085872 0.000010 0.000010 0.136304
0.000010 0.808177 0.087358 0.000010 0.000010 0.104434
0.000010 0.772155 0.093785 0.000010 0.000010 0.134030
0.000010 0.802038 0.092967 0.000010 0.000010 0.104965
0.000010 0.755290 0.085392 0.000010 0.000010 0.159288
0.000010 0.011310 0.988650 0.000010 0.000010 0.000010
0.000010 0.999950 0.000010 0.000010 0.000010 0.000010
0.000010 0.999942 0.000018 0.000010 0.000010 0.000010
0.000010 0.999950 0.000010 0.000010 0.000010 0.000010
0.000010 0.999950 0.000010 0.000010 0.000010 0.000010
0.000010 0.999950 0.000010 0.000010 0.000010 0.000010
0.000010 0.999950 0.000010 0.000010 0.000010 0.000010
0.000010 0.999950 0.000010 0.000010 0.000010 0.000010
0.031806 0.001806 0.000010 0.000010 0.966358 0.000010
0.001404 0.000010 0.000010 0.000010 0.998556 0.000010
0.319175 0.000010 0.000010 0.000010 0.680785 0.000010
0.352082 0.000010 0.000010 0.000010 0.647878 0.000010
0.000010 0.000010 0.000010 0.000010 0.999950 0.000010
0.000010 0.000010 0.000010 0.000010 0.999950 0.000010
0.000010 0.000010 0.000010 0.000010 0.999950 0.000010
0.662916 0.000010 0.000010 0.000010 0.337044 0.000010
0.672049 0.000010 0.000010 0.000010 0.327911 0.000010
0.000010 0.000010 0.999950 0.000010 0.000010 0.000010
0.000010 0.000010 0.999950 0.000010 0.000010 0.000010
0.000010 0.000010 0.999944 0.000016 0.000010 0.000010
0.000010 0.000010 0.999944 0.000016 0.000010 0.000010
0.000010 0.000010 0.999950 0.000010 0.000010 0.000010
0.000010 0.000010 0.999941 0.000019 0.000010 0.000010
0.000010 0.000012 0.999948 0.000010 0.000010 0.000010
0.000010 0.000010 0.999950 0.000010 0.000010 0.000010
0.000010 0.000010 0.999950 0.000010 0.000010 0.000010
0.000010 0.000010 0.999950 0.000010 0.000010 0.000010
0.000010 0.000010 0.999950 0.000010 0.000010 0.000010
0.000010 0.000013 0.999947 0.000010 0.000010 0.000010
0.000010 0.999950 0.000010 0.000010 0.000010 0.000010
0.000010 0.995345 0.004615 0.000010 0.000010 0.000010
0.000010 0.999950 0.000010 0.000010 0.000010 0.000010
0.000010 0.210463 0.000010 0.789497 0.000010 0.000010
0.844569 0.002414 0.000010 0.000010 0.148003 0.004995
0.574301 0.000010 0.000010 0.000010 0.425659 0.000010
0.888264 0.000010 0.005485 0.000010 0.106222 0.000010
0.000010 0.000010 0.000015 0.000010 0.999945 0.000010
0.749754 0.000010 0.000010 0.000010 0.245085 0.005132
0.701198 0.000010 0.000010 0.000010 0.297939 0.000833
0.829442 0.000010 0.000011 0.000010 0.169479 0.001049
0.000010 0.000010 0.000010 0.000010 0.999950 0.000010
0.000010 0.035663 0.947045 0.000010 0.000010 0.017262
0.000010 0.007944 0.992016 0.000010 0.000010 0.000010
0.000010 0.000010 0.999950 0.000010 0.000010 0.000010
0.000010 0.000010 0.999950 0.000010 0.000010 0.000010
0.000010 0.031537 0.968423 0.000010 0.000010 0.000010
0.000010 0.012895 0.955401 0.000010 0.000010 0.031674
0.000010 0.054129 0.939486 0.000010 0.000010 0.006355
0.000010 0.009055 0.990905 0.000010 0.000010 0.000010
0.000010 0.036505 0.920888 0.000010 0.000010 0.042577
0.000010 0.000010 0.999950 0.000010 0.000010 0.000010
0.000010 0.033332 0.966628 0.000010 0.000010 0.000010
0.000010 0.021478 0.926027 0.000010 0.000010 0.052464
0.000010 0.052481 0.945118 0.000010 0.000010 0.002370
0.000010 0.039457 0.934237 0.000010 0.000010 0.026276
0.000010 0.000010 0.000010 0.000010 0.000010 0.999950
0.000010 0.000010 0.000010 0.000010 0.000010 0.999950
0.000010 0.000010 0.000010 0.000010 0.000010 0.999950
0.000010 0.000010 0.000010 0.000010 0.000010 0.999950
0.000010 0.000010 0.000010 0.000010 0.000010 0.999950
0.000010 0.000010 0.000010 0.000010 0.000010 0.999950
0.000010 0.000010 0.000010 0.000010 0.000010 0.999950
0.000010 0.000010 0.000010 0.000010 0.000010 0.999950
0.000010 0.000010 0.000010 0.000010 0.000010 0.999950
0.000010 0.000010 0.000010 0.000010 0.000010 0.999950
0.000010 0.000010 0.000010 0.000010 0.000010 0.999950
0.000010 0.000010 0.000010 0.000010 0.000010 0.999950
0.000010 0.000010 0.000010 0.000010 0.000010 0.999950
0.000010 0.000010 0.000010 0.000010 0.000010 0.999950
0.000010 0.000010 0.000010 0.000010 0.000010 0.999950
0.000010 0.000010 0.000010 0.000010 0.000010 0.999950
0.000010 0.000010 0.000010 0.000010 0.000010 0.999950
0.000010 0.000010 0.000010 0.000010 0.000010 0.999950
0.000010 0.000010 0.000010 0.000010 0.999950 0.000010
0.343580 0.000010 0.000010 0.000010 0.656380 0.000010
0.355590 0.000010 0.000010 0.000010 0.644370 0.000010
0.344855 0.000010 0.000010 0.000010 0.655105 0.000010
0.000010 0.999950 0.000010 0.000010 0.000010 0.000010
0.000010 0.999950 0.000010 0.000010 0.000010 0.000010
0.000010 0.999950 0.000010 0.000010 0.000010 0.000010
0.000010 0.999950 0.000010 0.000010 0.000010 0.000010
0.000010 0.999950 0.000010 0.000010 0.000010 0.000010
0.000010 0.999950 0.000010 0.000010 0.000010 0.000010
0.000010 0.999950 0.000010 0.000010 0.000010 0.000010
0.000010 0.999950 0.000010 0.000010 0.000010 0.000010
0.000010 0.999950 0.000010 0.000010 0.000010 0.000010
0.000010 0.999950 0.000010 0.000010 0.000010 0.000010
0.000010 0.000010 0.002484 0.000010 0.000010 0.997476
0.000010 0.000010 0.000010 0.000010 0.000010 0.999950
0.000010 0.000010 0.004828 0.000010 0.000010 0.995132
0.000010 0.000010 0.007579 0.000010 0.000010 0.992381
0.000010 0.000010 0.004555 0.000010 0.000010 0.995405
0.000010 0.000010 0.002504 0.000010 0.000010 0.997456
0.000010 0.000010 0.016489 0.000010 0.000010 0.983471
0.000010 0.000010 0.002213 0.000010 0.000010 0.997747
0.000010 0.000010 0.000010 0.000010 0.000010 0.999950
0.000010 0.000010 0.000010 0.000010 0.000010 0.999950
0.000010 0.000010 0.001617 0.000010 0.000010 0.998343
0.000010 0.000010 0.002048 0.000010 0.000010 0.997912
0.000010 0.000010 0.003769 0.000010 0.000010 0.996191
0.000010 0.000010 0.014025 0.000010 0.000010 0.985935
0.000010 0.000010 0.000010 0.000010 0.000010 0.999950
0.000010 0.000010 0.015710 0.000010 0.000010 0.984250
0.000010 0.000010 0.007547 0.000010 0.000010 0.992413
0.000010 0.000010 0.000164 0.000010 0.000010 0.999796
0.000010 0.000010 0.009199 0.000010 0.000010 0.990761
0.000010 0.000010 0.000010 0.000010 0.000010 0.999950
0.000010 0.997152 0.000010 0.000012 0.000010 0.002806
0.000010 0.992443 0.007517 0.000010 0.000010 0.000010
0.000010 0.997927 0.002033 0.000010 0.000010 0.000010
0.000010 0.990981 0.008979 0.000010 0.000010 0.000010
0.000010 0.992666 0.006540 0.000010 0.000010 0.000764
0.000010 0.993952 0.006008 0.000010 0.000010 0.000010
0.000010 0.999950 0.000010 0.000010 0.000010 0.000010
0.000010 0.991170 0.008790 0.000010 0.000010 0.000010
0.000010 0.999950 0.000010 0.000010 0.000010 0.000010
0.000010 0.999950 0.000010 0.000010 0.000010 0.000010
0.000010 0.999950 0.000010 0.000010 0.000010 0.000010
0.000010 0.999950 0.000010 0.000010 0.000010 0.000010
0.000010 0.999950 0.000010 0.000010 0.000010 0.000010
0.000010 0.999950 0.000010 0.000010 0.000010 0.000010
0.000010 0.999950 0.000010 0.000010 0.000010 0.000010
0.000010 0.999950 0.000010 0.000010 0.000010 0.000010
0.000010 0.999950 0.000010 0.000010 0.000010 0.000010
0.000010 0.999950 0.000010 0.000010 0.000010 0.000010
0.000010 0.999950 0.000010 0.000010 0.000010 0.000010
0.000010 0.999950 0.000010 0.000010 0.000010 0.000010
0.989455 0.000010 0.000010 0.000010 0.000010 0.010505
0.988985 0.000010 0.000010 0.000010 0.000010 0.010975
0.996588 0.003372 0.000010 0.000010 0.000010 0.000010
0.000010 0.913037 0.071727 0.000010 0.000010 0.015206
0.000010 0.961314 0.029502 0.000010 0.000010 0.009154
0.000010 0.923163 0.050141 0.000010 0.000010 0.026665
0.000010 0.902776 0.078836 0.000010 0.000010 0.018359
0.000010 0.915850 0.053688 0.000010 0.000010 0.030432
0.000010 0.939410 0.046795 0.000010 0.000010 0.013765
0.000010 0.931489 0.061376 0.000010 0.000010 0.007104
0.000010 0.883644 0.098146 0.000010 0.000010 0.018180
0.000010 0.923938 0.030597 0.000010 0.000010 0.045435
0.000010 0.945394 0.032009 0.000010 0.000010 0.022567
0.000010 0.917304 0.031368 0.000010 0.000010 0.051298
0.000010 0.922974 0.035583 0.000010 0.000010 0.041412
0.000010 0.939226 0.044236 0.000010 0.000010 0.016508
0.000010 0.924283 0.037905 0.000010 0.000010 0.037781
0.000010 0.941662 0.032454 0.000010 0.000010 0.025854
0.000010 0.944602 0.038196 0.000010 0.000010 0.017173
0.000010 0.942200 0.038245 0.000010 0.000010 0.019525
0.000010 0.930349 0.043569 0.000010 0.000010 0.026052
0.000010 0.905651 0.048677 0.000010 0.000010 0.045642
0.000010 0.947246 0.023296 0.000010 0.000010 0.029427
0.000010 0.921859 0.026547 0.000010 0.000010 0.051563
0.000010 0.927179 0.035053 0.000010 0.000010 0.037738
0.000010 0.953725 0.018426 0.000010 0.000010 0.027819
0.000010 0.917866 0.042831 0.000010 0.000010 0.039272
0.000010 0.971523 0.028437 0.000010 0.000010 0.000010
0.000010 0.938800 0.049375 0.000010 0.000010 0.011796
0.000010 0.945363 0.052154 0.000010 0.000010 0.002453
0.000010 0.928626 0.036904 0.000010 0.000010 0.034440
0.000010 0.956061 0.033503 0.000010 0.000010 0.010406
0.000010 0.935679 0.058333 0.000010 0.000010 0.005958
0.000010 0.966743 0.033217 0.000010 0.000010 0.000010
0.000010 0.942263 0.053249 0.000010 0.000010 0.004458
0.000010 0.946706 0.015572 0.000010 0.000010 0.037692
0.000010 0.958768 0.016403 0.000010 0.000010 0.024799
0.000010 0.958851 0.038191 0.000010 0.000010 0.002928
0.000010 0.913377 0.028473 0.000010 0.000010 0.058121
0.000010 0.959886 0.032789 0.000010 0.000010 0.007295
0.000010 0.936734 0.023458 0.000010 0.000010 0.039778
0.000010 0.951751 0.021497 0.000010 0.000010 0.026722
0.213035 0.000010 0.000010 0.000010 0.000010 0.786925
0.210322 0.000010 0.000010 0.000010 0.000010 0.789638
0.200352 0.000010 0.000010 0.000010 0.000010 0.799608
0.236342 0.000010 0.000010 0.000010 0.000010 0.763618
0.262664 0.000010 0.000010 0.000010 0.000010 0.737296
0.213455 0.000010 0.000010 0.000010 0.000010 0.786505
0.234915 0.000010 0.000010 0.000010 0.000010 0.765045
0.235509 0.000010 0.000010 0.000010 0.000010 0.764451
0.170902 0.000010 0.000010 0.000010 0.000010 0.829058
0.210421 0.000010 0.000010 0.000010 0.000010 0.789539
0.208324 0.000010 0.000010 0.000010 0.000010 0.791636
0.224386 0.000010 0.000010 0.000010 0.000010 0.775574
0.205291 0.000010 0.000010 0.000010 0.000010 0.794669
0.289804 0.000010 0.000010 0.000010 0.000010 0.710156
0.214218 0.000010 0.000010 0.000010 0.000010 0.785742
0.238396 0.000010 0.000010 0.000010 0.000010 0.761564
0.228371 0.000010 0.000010 0.000010 0.000010 0.771589
0.212497 0.000010 0.000010 0.000010 0.000010 0.787463
0.212544 0.000010 0.000010 0.000010 0.000010 0.787416
0.223627 0.000010 0.000010 0.000010 0.000010 0.776333
0.204267 0.000010 0.000010 0.000010 0.000010 0.795693
0.980697 0.000010 0.000010 0.000010 0.000010 0.019263
0.994038 0.000010 0.005917 0.000010 0.000015 0.000010
0.983359 0.000010 0.000010 0.006244 0.000010 0.010367
0.000010 0.991030 0.008930 0.000010 0.000010 0.000010
0.000010 0.981190 0.016039 0.000010 0.000010 0.002741
0.000010 0.984588 0.015372 0.000010 0.000010 0.000010
0.000010 0.994254 0.005706 0.000010 0.000010 0.000010
0.000010 0.995275 0.004685 0.000010 0.000010 0.000010
0.000010 0.997714 0.002246 0.000010 0.000010 0.000010
0.000010 0.979369 0.000010 0.000010 0.000010 0.020591
0.000010 0.999950 0.000010 0.000010 0.000010 0.000010
0.000010 0.986557 0.013403 0.000010 0.000010 0.000010
0.000010 0.976394 0.003177 0.000010 0.000010 0.020399
0.000010 0.461363 0.038089 0.005977 0.000010 0.494551
0.000010 0.426108 0.045137 0.002733 0.000010 0.526001
0.000010 0.500995 0.048571 0.000010 0.000010 0.450404
0.000010 0.463376 0.054181 0.000010 0.000010 0.482413
0.000010 0.506071 0.050414 0.000010 0.000010 0.443485
0.000010 0.603919 0.055436 0.000010 0.000010 0.340615
0.000010 0.448064 0.047867 0.000010 0.000010 0.504039
0.000010 0.562103 0.039416 0.000010 0.000010 0.398451
0.000010 0.539070 0.056568 0.000010 0.000010 0.404332
0.000010 0.501069 0.046903 0.001276 0.000010 0.450732
0.000010 0.992126 0.000010 0.007834 0.000010 0.000010
0.000010 0.997370 0.000010 0.002590 0.000010 0.000010
0.000010 0.999950 0.000010 0.000010 0.000010 0.000010
0.000010 0.999950 0.000010 0.000010 0.000010 0.000010
0.000010 0.999950 0.000010 0.000010 0.000010 0.000010
