0.000010 0.000010 0.000010 0.000010 0.927359 0.004836 0.067764
0.000010 0.000010 0.000010 0.000010 0.941880 0.000010 0.058070
0.000010 0.000010 0.000010 0.000010 0.943687 0.009801 0.046472
0.000010 0.000010 0.000010 0.000010 0.966810 0.000010 0.033140
0.000010 0.000010 0.000010 0.000010 0.918262 0.000010 0.081688
0.000010 0.000010 0.000010 0.000010 0.920115 0.000010 0.079835
0.000010 0.000010 0.000010 0.000010 0.941170 0.000010 0.058780
0.000010 0.000010 0.000010 0.032681 0.834788 0.009403 0.123098
0.000010 0.000010 0.018492 0.000010 0.920840 0.000010 0.060628
0.000010 0.000010 0.000010 0.000010 0.924417 0.000010 0.075533
0.000010 0.000010 0.000010 0.000010 0.949631 0.000010 0.050319
0.000010 0.000010 0.001749 0.000010 0.920156 0.000010 0.078055
0.000010 0.000010 0.000010 0.000010 0.923932 0.000010 0.076018
0.000010 0.000010 0.000010 0.000010 0.927218 0.000010 0.072732
0.000010 0.000010 0.000010 0.005275 0.972854 0.000010 0.021831
0.000010 0.000010 0.000010 0.000010 0.929434 0.000255 0.070270
0.003059 0.000014 0.022816 0.037241 0.891517 0.000010 0.045343
0.000010 0.000010 0.028432 0.000010 0.870408 0.000010 0.101120
0.000010 0.000010 0.000010 0.000010 0.933030 0.000010 0.066920
0.000010 0.000010 0.048511 0.000010 0.804661 0.000010 0.146788
0.000010 0.000010 0.000010 0.000010 0.923750 0.000010 0.076200
0.000010 0.000010 0.000010 0.000010 0.935288 0.000010 0.064662
0.000010 0.000010 0.000010 0.000010 0.902535 0.000010 0.097415
0.000010 0.000010 0.000010 0.053582 0.905878 0.000010 0.040500
0.000010 0.000010 0.000010 0.000010 0.971614 0.000010 0.028336
0.000010 0.000010 0.000010 0.000010 0.885175 0.000010 0.114775
0.000010 0.000010 0.000010 0.000010 0.885504 0.000010 0.114446
0.000010 0.000010 0.000010 0.000010 0.951949 0.000010 0.048001
0.000010 0.000010 0.000010 0.051964 0.835141 0.001203 0.111662
0.000010 0.000010 0.000010 0.000010 0.916422 0.000767 0.082772
0.000010 0.000010 0.000010 0.000010 0.916543 0.000010 0.083407
0.000010 0.000010 0.043921 0.000010 0.835221 0.000010 0.120818
0.000010 0.000010 0.000010 0.000010 0.887154 0.000010 0.112796
0.000010 0.000010 0.000010 0.000010 0.874320 0.000010 0.125630
0.000010 0.000010 0.000010 0.000010 0.947574 0.000010 0.052376
0.000010 0.000010 0.000010 0.000010 0.909843 0.000010 0.090107
0.000010 0.000010 0.000010 0.028394 0.935228 0.000010 0.036338
0.001744 0.000010 0.000010 0.000010 0.966858 0.007407 0.023961
0.000010 0.000010 0.000010 0.015899 0.876957 0.000010 0.107105
0.000010 0.000010 0.000010 0.004485 0.951362 0.000010 0.044113
0.000010 0.000010 0.026783 0.022405 0.876603 0.000010 0.074179
0.000010 0.000010 0.000010 0.476008 0.310165 0.045179 0.168618
0.000010 0.000010 0.000010 0.475534 0.351903 0.037024 0.135509
0.000010 0.000010 0.000010 0.432159 0.393509 0.028925 0.145377
0.000010 0.000010 0.000010 0.453283 0.398567 0.028778 0.119343
0.000010 0.000010 0.000010 0.424582 0.403589 0.029299 0.142500
0.000010 0.000010 0.000010 0.461724 0.360115 0.041216 0.136914
0.000010 0.000010 0.000010 0.478527 0.343691 0.038716 0.139036
0.000010 0.000010 0.000010 0.436330 0.394235 0.027622 0.141783
0.000010 0.000010 0.000010 0.443526 0.375262 0.028643 0.152538
0.000010 0.000010 0.000010 0.484900 0.407104 0.013195 0.094771
0.000010 0.000010 0.000010 0.469603 0.423818 0.016129 0.090420
0.000010 0.000010 0.000010 0.423308 0.386141 0.045111 0.145410
0.000010 0.000010 0.000010 0.481360 0.355767 0.029750 0.133093
0.000010 0.000010 0.000010 0.464901 0.299760 0.043178 0.192131
0.000010 0.000010 0.011030 0.000010 0.840772 0.000010 0.148157
0.000010 0.000010 0.000010 0.000010 0.897505 0.000010 0.102445
0.000010 0.000010 0.059227 0.000010 0.826730 0.000010 0.114003
0.000010 0.000010 0.000010 0.000010 0.888991 0.000010 0.110959
0.000010 0.000010 0.023718 0.000010 0.866592 0.000010 0.109650
0.000010 0.000010 0.011898 0.000010 0.890279 0.000010 0.097783
0.000010 0.000010 0.057249 0.013713 0.808396 0.000010 0.120612
0.000010 0.000010 0.047848 0.000010 0.838974 0.000010 0.113137
0.000010 0.000010 0.022714 0.000010 0.858901 0.000010 0.118345
0.000010 0.000010 0.032691 0.000010 0.836350 0.000010 0.130919
0.000010 0.000010 0.015068 0.000010 0.828288 0.000010 0.156604
0.000010 0.000010 0.041337 0.000010 0.873804 0.000010 0.084819
0.000010 0.000010 0.041118 0.000010 0.811010 0.000010 0.147832
0.000010 0.000014 0.074834 0.000010 0.762513 0.000010 0.162609
0.000010 0.000020 0.020928 0.000010 0.856656 0.000010 0.122366
0.000010 0.000010 0.000013 0.000010 0.829416 0.000010 0.170532
0.000010 0.000010 0.030913 0.000010 0.829945 0.000010 0.139101
0.000010 0.000010 0.000010 0.000010 0.928780 0.000010 0.071170
0.000010 0.000010 0.000010 0.000010 0.887817 0.000010 0.112133
0.000010 0.000010 0.029704 0.000010 0.861156 0.000010 0.109100
0.000010 0.000010 0.000010 0.068766 0.925303 0.005891 0.000010
0.000010 0.000010 0.000010 0.060187 0.938187 0.001586 0.000010
0.000010 0.000010 0.000010 0.053239 0.904653 0.017139 0.024939
0.000014 0.000010 0.000010 0.031101 0.961520 0.007335 0.000010
0.000010 0.000010 0.000010 0.050903 0.939565 0.009492 0.000010
0.000010 0.000010 0.000010 0.040348 0.946030 0.010947 0.002645
0.000010 0.000010 0.000010 0.047431 0.860663 0.021064 0.070812
0.009377 0.000010 0.000010 0.062732 0.892011 0.023731 0.012129
0.000010 0.000010 0.000010 0.059875 0.892006 0.010443 0.037647
0.004495 0.000010 0.000010 0.053751 0.858768 0.018542 0.064423
0.006797 0.000010 0.000010 0.055698 0.900679 0.002740 0.034066
0.005215 0.000010 0.000010 0.093393 0.842932 0.011625 0.046815
0.011285 0.000010 0.000010 0.059244 0.893136 0.015927 0.020387
0.000010 0.000010 0.000010 0.065861 0.845123 0.026191 0.062794
0.005343 0.000010 0.000010 0.041032 0.809351 0.019349 0.124905
0.000010 0.000010 0.000010 0.067484 0.799282 0.018274 0.114930
0.000010 0.000010 0.000010 0.046619 0.805088 0.006523 0.141741
0.010644 0.000010 0.000010 0.046229 0.832038 0.019602 0.091466
0.000010 0.000010 0.000010 0.037763 0.803639 0.020568 0.138000
0.000010 0.000010 0.000010 0.065542 0.793225 0.010101 0.131102
0.000010 0.000010 0.000010 0.057351 0.853549 0.013942 0.075128
0.000010 0.000010 0.000010 0.063725 0.851480 0.017918 0.066847
0.000010 0.000010 0.000010 0.028498 0.839329 0.016950 0.115193
0.000010 0.000010 0.000010 0.021755 0.829772 0.021331 0.127112
0.003387 0.000010 0.000010 0.069147 0.751966 0.023105 0.152375
0.000010 0.000010 0.000010 0.069374 0.875357 0.010630 0.044609
0.000010 0.000010 0.000010 0.043241 0.825416 0.006636 0.124677
0.013868 0.000010 0.000010 0.065398 0.890737 0.012338 0.017639
0.000010 0.000010 0.000010 0.043346 0.843725 0.010006 0.102892
0.000010 0.000010 0.000010 0.067969 0.801976 0.006131 0.123895
0.000010 0.000010 0.000010 0.047762 0.847664 0.028413 0.076131
0.000010 0.000010 0.000010 0.000010 0.999935 0.000015 0.000010
0.000010 0.000010 0.000010 0.000010 0.999940 0.000010 0.000010
0.000010 0.000010 0.000010 0.000010 0.999940 0.000010 0.000010
0.000010 0.000010 0.000010 0.000010 0.981670 0.018280 0.000010
0.000010 0.000010 0.000010 0.000010 0.999940 0.000010 0.000010
0.000010 0.000010 0.000010 0.000010 0.999940 0.000010 0.000010
0.000010 0.000010 0.000010 0.000010 0.989657 0.010293 0.000010
0.000010 0.000010 0.000010 0.000010 0.990835 0.009115 0.000010
0.000010 0.000010 0.000010 0.000010 0.986483 0.013467 0.000010
0.000010 0.000010 0.000010 0.000010 0.989446 0.010504 0.000010
0.000010 0.000010 0.000010 0.000010 0.997044 0.002906 0.000010
0.000010 0.000010 0.000010 0.000010 0.998481 0.001469 0.000010
0.000010 0.000010 0.000010 0.000010 0.999940 0.000010 0.000010
0.000010 0.000010 0.000010 0.000010 0.988924 0.011026 0.000010
0.000010 0.000010 0.000010 0.000010 0.992978 0.006972 0.000010
0.000010 0.000010 0.000010 0.000010 0.995177 0.004773 0.000010
0.000010 0.000010 0.000010 0.000010 0.997301 0.002649 0.000010
0.000010 0.000010 0.000010 0.153633 0.771025 0.027131 0.048181
0.000010 0.000010 0.000010 0.136542 0.762770 0.017248 0.083410
0.002371 0.000010 0.000010 0.138947 0.846698 0.011954 0.000010
0.000010 0.000010 0.000010 0.141812 0.843289 0.009137 0.005732
0.000010 0.000010 0.000010 0.133084 0.840333 0.015139 0.011414
0.000010 0.000010 0.000010 0.125077 0.818506 0.022676 0.033712
0.000010 0.000010 0.000010 0.140088 0.842785 0.017087 0.000010
0.000010 0.000010 0.000010 0.143749 0.829466 0.003928 0.022827
0.000010 0.000010 0.000010 0.143921 0.768936 0.029818 0.057295
0.000010 0.000010 0.000010 0.138901 0.845483 0.015576 0.000010
0.000010 0.000010 0.000010 0.145997 0.802122 0.020644 0.031207
0.000010 0.000010 0.000010 0.127809 0.871389 0.000762 0.000010
0.000010 0.000010 0.000010 0.130041 0.859087 0.010832 0.000010
0.000010 0.000010 0.000010 0.145314 0.812747 0.018683 0.023226
0.004082 0.000010 0.000010 0.154313 0.818888 0.022686 0.000010
0.000010 0.000010 0.000010 0.140007 0.789409 0.017912 0.052642
0.000010 0.000010 0.000010 0.146924 0.826932 0.018005 0.008109
0.000010 0.000010 0.000010 0.139722 0.816033 0.013176 0.031040
0.000010 0.000010 0.000010 0.134420 0.819179 0.005222 0.041149
0.000010 0.000010 0.000010 0.114955 0.866568 0.016240 0.002207
0.000010 0.000010 0.000010 0.124382 0.858636 0.016942 0.000010
0.000010 0.000010 0.000010 0.124790 0.822990 0.033590 0.018600
0.000010 0.000010 0.000010 0.133481 0.815359 0.023002 0.028128
0.000010 0.999940 0.000010 0.000010 0.000010 0.000010 0.000010
0.000010 0.652579 0.347371 0.000010 0.000010 0.000010 0.000010
0.000010 0.682569 0.317381 0.000010 0.000010 0.000010 0.000010
0.000010 0.643241 0.356709 0.000010 0.000010 0.000010 0.000010
0.000010 0.636093 0.363857 0.000010 0.000010 0.000010 0.000010
0.000010 0.666196 0.333754 0.000010 0.000010 0.000010 0.000010
0.000010 0.625683 0.374267 0.000010 0.000010 0.000010 0.000010
0.000010 0.696962 0.302988 0.000010 0.000010 0.000010 0.000010
0.000010 0.999940 0.000010 0.000010 0.000010 0.000010 0.000010
0.000010 0.999940 0.000010 0.000010 0.000010 0.000010 0.000010
0.000010 0.662928 0.337022 0.000010 0.000010 0.000010 0.000010
0.000010 0.689271 0.310679 0.000010 0.000010 0.000010 0.000010
0.000010 0.667572 0.332378 0.000010 0.000010 0.000010 0.000010
0.000010 0.999940 0.000010 0.000010 0.000010 0.000010 0.000010
0.000010 0.647948 0.352002 0.000010 0.000010 0.000010 0.000010
0.000010 0.659264 0.340686 0.000010 0.000010 0.000010 0.000010
0.000010 0.627975 0.371975 0.000010 0.000010 0.000010 0.000010
0.000010 0.634092 0.365858 0.000010 0.000010 0.000010 0.000010
0.000010 0.999933 0.000010 0.000010 0.000010 0.000017 0.000010
0.000010 0.629434 0.370516 0.000010 0.000010 0.000010 0.000010
0.000010 0.971145 0.019599 0.000010 0.000010 0.009216 0.000010
0.000010 0.999940 0.000010 0.000010 0.000010 0.000010 0.000010
0.000010 0.000010 0.000010 0.000010 0.177525 0.014835 0.807600
0.000010 0.000010 0.000010 0.000010 0.137426 0.013427 0.849107
0.000010 0.000010 0.000010 0.000010 0.140891 0.023606 0.835463
0.000010 0.000010 0.000010 0.000010 0.129408 0.027150 0.843402
0.000010 0.000010 0.000010 0.000010 0.148350 0.013067 0.838542
0.000012 0.000010 0.000010 0.000010 0.168726 0.013932 0.817300
0.000010 0.000010 0.000010 0.000010 0.131504 0.024984 0.843472
0.000010 0.000010 0.000010 0.000010 0.139834 0.011632 0.848494
0.000010 0.000010 0.000010 0.000010 0.183808 0.021409 0.794743
0.000010 0.000010 0.000010 0.000010 0.176437 0.012824 0.810699
0.000010 0.000010 0.000010 0.000010 0.114430 0.028369 0.857161
0.000010 0.000010 0.000010 0.000010 0.101367 0.018973 0.879620
0.000010 0.000010 0.000010 0.000010 0.130935 0.026011 0.843014
0.000010 0.000014 0.000010 0.000010 0.134954 0.024971 0.840031
0.000010 0.000010 0.000010 0.000010 0.139777 0.030383 0.829801
0.002637 0.000010 0.000010 0.000010 0.166570 0.024387 0.806377
0.000010 0.000010 0.000010 0.000010 0.128114 0.020437 0.851409
0.000010 0.000010 0.000010 0.000010 0.053964 0.006241 0.939755
0.000010 0.000010 0.000010 0.000010 0.197958 0.020214 0.781788
0.000010 0.000010 0.000010 0.000010 0.115265 0.027252 0.857443
0.000010 0.000010 0.000010 0.000010 0.149492 0.029089 0.821379
0.000010 0.000010 0.000010 0.008746 0.074796 0.015279 0.901148
0.000010 0.000010 0.000010 0.000010 0.109464 0.020718 0.869778
0.000010 0.000010 0.000010 0.000010 0.148896 0.009338 0.841726
0.000010 0.000010 0.000010 0.000010 0.097435 0.030976 0.871549
0.999940 0.000010 0.000010 0.000010 0.000010 0.000010 0.000010
0.999940 0.000010 0.000010 0.000010 0.000010 0.000010 0.000010
0.999940 0.000010 0.000010 0.000010 0.000010 0.000010 0.000010
0.999931 0.000010 0.000010 0.000010 0.000019 0.000010 0.000010
0.999940 0.000010 0.000010 0.000010 0.000010 0.000010 0.000010
0.999939 0.000010 0.000010 0.000010 0.000011 0.000010 0.000010
0.999940 0.000010 0.000010 0.000010 0.000010 0.000010 0.000010
0.999940 0.000010 0.000010 0.000010 0.000010 0.000010 0.000010
0.999940 0.000010 0.000010 0.000010 0.000010 0.000010 0.000010
0.999940 0.000010 0.000010 0.000010 0.000010 0.000010 0.000010
0.999940 0.000010 0.000010 0.000010 0.000010 0.000010 0.000010
0.999940 0.000010 0.000010 0.000010 0.000010 0.000010 0.000010
0.999940 0.000010 0.000010 0.000010 0.000010 0.000010 0.000010
0.999940 0.000010 0.000010 0.000010 0.000010 0.000010 0.000010
0.000010 0.000010 0.000010 0.000010 0.213168 0.000010 0.786782
0.000010 0.000010 0.000010 0.000010 0.242927 0.000010 0.757023
0.000010 0.000010 0.005314 0.000010 0.222521 0.000010 0.772126
0.000010 0.000010 0.000010 0.000010 0.242398 0.000010 0.757552
0.000010 0.000010 0.017595 0.000010 0.222587 0.000010 0.759779
0.000010 0.000010 0.000010 0.000010 0.248261 0.000010 0.751689
0.000010 0.000010 0.018946 0.000010 0.231523 0.000010 0.749491
0.000010 0.000010 0.000010 0.000010 0.245077 0.000010 0.754873
0.000010 0.000010 0.000017 0.000010 0.228184 0.000010 0.771759
0.000010 0.000010 0.016940 0.000010 0.252668 0.000010 0.730352
0.000010 0.000010 0.007676 0.000010 0.224024 0.000010 0.768260
0.000010 0.000010 0.003543 0.000010 0.246231 0.000010 0.750186
0.000010 0.000010 0.009194 0.000010 0.227666 0.000010 0.763100
0.000010 0.000010 0.000010 0.000010 0.262565 0.000010 0.737385
0.000010 0.000010 0.013578 0.000010 0.266455 0.000010 0.719926
0.000010 0.000010 0.000010 0.000010 0.250151 0.000010 0.749799
0.000010 0.000010 0.011578 0.000010 0.239870 0.000010 0.748512
0.000010 0.000010 0.000010 0.000010 0.228552 0.000010 0.771398
0.000010 0.000010 0.021860 0.000149 0.216177 0.000010 0.761783
0.000010 0.000010 0.012196 0.000010 0.233678 0.000010 0.754087
0.000010 0.000010 0.004008 0.001697 0.220147 0.000010 0.774118
0.000010 0.000010 0.010192 0.000010 0.257334 0.000010 0.732435
0.000010 0.000010 0.016184 0.000010 0.245409 0.000010 0.738367
0.000010 0.000010 0.000010 0.000010 0.236606 0.000010 0.763344
0.000010 0.000017 0.017360 0.000010 0.254921 0.000010 0.727672
0.000010 0.000010 0.013251 0.000010 0.243076 0.000010 0.743633
0.000010 0.000010 0.013482 0.000010 0.253854 0.000010 0.732623
0.000755 0.000010 0.017970 0.000010 0.236827 0.000010 0.744417
0.000010 0.000010 0.008692 0.000010 0.248937 0.000010 0.742331
0.000010 0.000010 0.006117 0.000010 0.229828 0.000010 0.764015
0.000010 0.000010 0.000966 0.000010 0.297024 0.000010 0.701970
0.000010 0.000010 0.000011 0.000010 0.267189 0.000010 0.732760
0.000010 0.000010 0.018637 0.000010 0.248872 0.000010 0.732450
0.000010 0.000010 0.000010 0.000010 0.279469 0.000010 0.720481
0.000010 0.000010 0.006130 0.000010 0.279905 0.000010 0.713925
0.000010 0.000010 0.011750 0.000010 0.231722 0.000010 0.756488
0.000010 0.000010 0.005920 0.000010 0.258148 0.000010 0.735893
0.000010 0.000010 0.000012 0.000010 0.246297 0.000010 0.753651
0.000010 0.000010 0.017633 0.000010 0.227646 0.000010 0.754681
0.000010 0.000010 0.076507 0.000010 0.071122 0.000010 0.852330
0.000010 0.000010 0.065360 0.000010 0.107294 0.000010 0.827306
0.000010 0.002669 0.110384 0.000010 0.182129 0.000010 0.704788
0.000010 0.000014 0.057987 0.000010 0.072805 0.000010 0.869164
0.000010 0.000010 0.172423 0.000010 0.148222 0.000010 0.679315
0.000010 0.000017 0.046243 0.000010 0.035900 0.000010 0.917810
0.000010 0.000012 0.077758 0.000010 0.229877 0.007982 0.684351
0.000010 0.000010 0.091189 0.000010 0.210110 0.000010 0.698661
0.000010 0.000010 0.067112 0.000010 0.210697 0.000010 0.722151
0.000010 0.000010 0.047388 0.000010 0.050297 0.000010 0.902275
0.000010 0.000010 0.054652 0.000010 0.056865 0.000010 0.888443
0.000010 0.000010 0.078856 0.000010 0.194481 0.000010 0.726623
0.000010 0.000017 0.135573 0.000010 0.166233 0.000010 0.698147
0.000010 0.000010 0.083941 0.000403 0.185641 0.000010 0.729985
0.000010 0.000014 0.074031 0.000010 0.070525 0.000010 0.855400
0.000010 0.000010 0.075544 0.000010 0.092850 0.000010 0.831566
0.000010 0.000010 0.067276 0.000010 0.221953 0.000010 0.710731
0.000010 0.000010 0.072263 0.000010 0.232071 0.000010 0.695626
0.000010 0.000013 0.082001 0.000013 0.222741 0.000010 0.695211
0.000010 0.000010 0.097790 0.000010 0.206512 0.000010 0.695658
0.000010 0.000010 0.052919 0.002189 0.062247 0.000010 0.882616
0.000010 0.000010 0.052015 0.000010 0.044507 0.000010 0.903438
0.000010 0.007419 0.142085 0.000010 0.167651 0.000010 0.682815
0.000010 0.000020 0.145415 0.000010 0.163057 0.000010 0.691478
0.000010 0.000011 0.106573 0.000010 0.187340 0.000441 0.705616
0.000010 0.000010 0.057283 0.000010 0.091172 0.000010 0.851505
0.000010 0.000010 0.105497 0.002364 0.164244 0.000010 0.727865
0.000010 0.000010 0.140224 0.000010 0.141684 0.001750 0.716311
0.000010 0.000010 0.074804 0.000010 0.112477 0.000010 0.812679
0.000010 0.000010 0.156372 0.000010 0.157212 0.000010 0.686377
0.000010 0.000010 0.060801 0.000010 0.109697 0.000010 0.829462
0.000010 0.000010 0.070518 0.000010 0.212082 0.000010 0.717360
0.000010 0.000013 0.047717 0.000010 0.046794 0.000010 0.905446
0.000010 0.000010 0.074332 0.000010 0.209735 0.000010 0.715894
0.000010 0.000010 0.105008 0.000010 0.213676 0.000010 0.681277
0.000010 0.000010 0.170258 0.000010 0.128379 0.000010 0.701323
0.000010 0.000010 0.089508 0.000010 0.164601 0.000010 0.745851
0.000010 0.000010 0.056099 0.000010 0.085917 0.000010 0.857944
0.000010 0.000010 0.045347 0.000010 0.048388 0.000010 0.906226
0.000010 0.000010 0.055969 0.000010 0.072015 0.000010 0.871977
0.000010 0.000010 0.068438 0.000010 0.069770 0.000010 0.861752
0.000010 0.000010 0.058791 0.000010 0.072902 0.000010 0.868267
0.000010 0.000010 0.057025 0.000010 0.282619 0.002700 0.657626
0.790013 0.000010 0.000010 0.209937 0.000010 0.000010 0.000010
0.785887 0.000010 0.000010 0.214063 0.000010 0.000010 0.000010
0.795531 0.000010 0.000010 0.204419 0.000010 0.000010 0.000010
0.783913 0.000010 0.000010 0.209657 0.000010 0.006390 0.000010
0.756341 0.000010 0.000010 0.243609 0.000010 0.000010 0.000010
0.802019 0.000010 0.000010 0.197931 0.000010 0.000010 0.000010
0.791122 0.000010 0.000010 0.208828 0.000010 0.000010 0.000010
0.000010 0.000010 0.000010 0.000010 0.000010 0.000010 0.999940
0.000010 0.000010 0.000010 0.000010 0.000010 0.000010 0.999940
0.000010 0.000010 0.000010 0.000010 0.000010 0.000010 0.999940
0.000010 0.000010 0.000010 0.000010 0.000010 0.000010 0.999940
0.000010 0.000010 0.000010 0.000010 0.000010 0.000010 0.999940
0.000010 0.000010 0.000010 0.000010 0.000010 0.000010 0.999940
0.000010 0.000010 0.000010 0.000010 0.000010 0.000010 0.999940
0.000010 0.000010 0.000010 0.000010 0.000010 0.000909 0.999041
0.000010 0.000010 0.000010 0.000010 0.000010 0.000010 0.999940
0.000010 0.000010 0.055248 0.000010 0.200730 0.000010 0.743982
0.000010 0.000010 0.063551 0.000010 0.242874 0.000010 0.693535
0.000010 0.000010 0.060467 0.000010 0.214055 0.000010 0.725438
0.002707 0.000010 0.056097 0.000010 0.205050 0.000010 0.736115
0.000010 0.000010 0.098554 0.000010 0.228672 0.000010 0.672735
0.000010 0.000010 0.081264 0.000010 0.210669 0.000010 0.708027
0.000010 0.000010 0.061853 0.000010 0.229666 0.000010 0.708441
0.000010 0.000010 0.103635 0.000010 0.165775 0.000010 0.730551
0.000010 0.000010 0.097234 0.000010 0.172391 0.000010 0.730335
0.000010 0.000017 0.044032 0.000010 0.214656 0.000010 0.741264
0.000010 0.000010 0.058171 0.000010 0.222567 0.000010 0.719223
0.000010 0.000010 0.057428 0.000010 0.202889 0.000010 0.739643
0.000010 0.000010 0.055973 0.000010 0.197780 0.000010 0.746207
0.000010 0.000010 0.071923 0.000010 0.210936 0.000010 0.717101
0.000010 0.000014 0.054575 0.000010 0.215474 0.000010 0.729907
0.000010 0.000010 0.055664 0.000010 0.214137 0.000010 0.730160
0.000010 0.000010 0.050316 0.000010 0.197365 0.000010 0.752279
0.000010 0.000016 0.073490 0.000010 0.213472 0.000010 0.712992
0.000010 0.000010 0.062115 0.000010 0.226420 0.000010 0.711426
0.000010 0.000010 0.088236 0.003720 0.182839 0.000010 0.725175
0.000010 0.000010 0.047987 0.000010 0.053427 0.000010 0.898546
0.000010 0.000010 0.000010 0.000010 0.000010 0.999940 0.000010
0.000010 0.000010 0.000010 0.013989 0.000010 0.985961 0.000010
0.000010 0.000010 0.000010 0.014305 0.000010 0.985645 0.000010
0.031428 0.000010 0.000010 0.843500 0.125032 0.000010 0.000010
0.009822 0.000010 0.000010 0.916192 0.073946 0.000010 0.000010
0.032079 0.000010 0.000010 0.814154 0.153727 0.000010 0.000010
0.024072 0.000010 0.000010 0.897838 0.078050 0.000010 0.000010
0.044147 0.000011 0.001176 0.843213 0.111433 0.000010 0.000010
0.017227 0.000019 0.000010 0.895188 0.087536 0.000010 0.000010
0.027539 0.000010 0.000010 0.846107 0.126314 0.000010 0.000010
0.039632 0.000010 0.000010 0.840369 0.119959 0.000010 0.000010
0.000010 0.000010 0.073742 0.000010 0.240860 0.000010 0.685358
0.000010 0.000010 0.066322 0.000010 0.239430 0.000010 0.694207
0.000010 0.000010 0.066489 0.000010 0.208480 0.000010 0.724991
0.000010 0.000012 0.068481 0.000010 0.253031 0.000010 0.678446
0.000010 0.000010 0.055261 0.000010 0.232100 0.000010 0.712599
0.000010 0.000010 0.072676 0.000010 0.220400 0.000010 0.706884
0.000010 0.000010 0.051908 0.000010 0.240462 0.000010 0.707591
0.000010 0.000010 0.111614 0.000010 0.157260 0.000010 0.731087
0.000010 0.000010 0.051990 0.000010 0.191373 0.000010 0.756596
0.000010 0.000010 0.059609 0.000010 0.194018 0.000010 0.746333
0.000010 0.000010 0.068988 0.000010 0.245923 0.000010 0.685049
0.000010 0.000010 0.061649 0.000010 0.203562 0.000010 0.734750
0.000010 0.000010 0.057382 0.000010 0.209432 0.000010 0.733146
0.000010 0.000010 0.058715 0.000010 0.192409 0.000010 0.748836
0.000010 0.000010 0.101011 0.005359 0.193832 0.000010 0.699768
0.000010 0.000010 0.055467 0.000010 0.226954 0.000010 0.717539
0.000010 0.000020 0.078042 0.000010 0.224456 0.000010 0.697452
0.000010 0.000010 0.061935 0.002318 0.218752 0.000010 0.716965
0.000010 0.000010 0.000010 0.999940 0.000010 0.000010 0.000010
0.000010 0.000010 0.000011 0.999939 0.000010 0.000010 0.000010
0.000010 0.000010 0.000010 0.995027 0.000010 0.004923 0.000010
0.000010 0.000010 0.000010 0.987416 0.000010 0.012534 0.000010
0.000010 0.000010 0.000010 0.993627 0.000010 0.006323 0.000010
0.000010 0.000010 0.000010 0.997561 0.000010 0.002389 0.000010
0.000010 0.000014 0.000010 0.994978 0.000010 0.004968 0.000010
0.000010 0.000010 0.000010 0.992191 0.000010 0.007759 0.000010
0.000010 0.000010 0.000010 0.985102 0.000010 0.014848 0.000010
0.000010 0.000010 0.000010 0.971964 0.000010 0.027986 0.000010
0.000010 0.000010 0.000010 0.986730 0.000010 0.013220 0.000010
0.000010 0.000010 0.000010 0.994231 0.000010 0.005719 0.000010
0.000010 0.000010 0.000010 0.993172 0.000010 0.006778 0.000010
0.000010 0.000010 0.000010 0.993777 0.000010 0.006173 0.000010
0.000010 0.000010 0.000010 0.980578 0.000010 0.014278 0.005104
0.000010 0.000010 0.000010 0.986750 0.000010 0.013200 0.000010
0.000010 0.000010 0.000010 0.999940 0.000010 0.000010 0.000010
0.000010 0.000010 0.000010 0.999206 0.000010 0.000744 0.000010
0.000010 0.000010 0.000016 0.994625 0.000010 0.005319 0.000010
0.000010 0.000010 0.000010 0.989855 0.000010 0.010095 0.000010
0.000010 0.000010 0.000010 0.984840 0.000010 0.015110 0.000010
0.000010 0.000010 0.000010 0.993013 0.000010 0.006937 0.000010
0.000010 0.000010 0.000010 0.993254 0.000010 0.006696 0.000010
0.000010 0.000010 0.000010 0.976721 0.000010 0.023229 0.000010
0.000010 0.000010 0.000010 0.993089 0.000010 0.006861 0.000010
0.000010 0.000010 0.000010 0.992338 0.000010 0.007612 0.000010
0.000010 0.000010 0.000010 0.999940 0.000010 0.000010 0.000010
0.000010 0.000010 0.000010 0.999940 0.000010 0.000010 0.000010
0.000010 0.000010 0.000010 0.999940 0.000010 0.000010 0.000010
0.000010 0.000010 0.000010 0.993262 0.000010 0.006688 0.000010
0.000010 0.000010 0.000010 0.999940 0.000010 0.000010 0.000010
0.000010 0.000010 0.000010 0.999940 0.000010 0.000010 0.000010
0.000010 0.000010 0.000010 0.999940 0.000010 0.000010 0.000010
0.000020 0.000010 0.000010 0.999930 0.000010 0.000010 0.000010
0.000010 0.000010 0.000010 0.999940 0.000010 0.000010 0.000010
0.000010 0.000010 0.000010 0.999940 0.000010 0.000010 0.000010
0.000010 0.000010 0.000010 0.999940 0.000010 0.000010 0.000010
0.000010 0.000010 0.000010 0.999940 0.000010 0.000010 0.000010
0.804498 0.000010 0.000010 0.195452 0.000010 0.000010 0.000010
0.796034 0.000010 0.000010 0.203916 0.000010 0.000010 0.000010
0.000010 0.000010 0.000010 0.991752 0.000010 0.008198 0.000010
0.000010 0.000010 0.000010 0.991078 0.000010 0.008872 0.000010
0.000010 0.000010 0.000010 0.000010 0.158576 0.035118 0.806267
0.000010 0.000010 0.000010 0.000010 0.150147 0.038525 0.811288
0.000010 0.000010 0.000010 0.000010 0.158858 0.035098 0.806005
0.000010 0.000010 0.000010 0.000010 0.193489 0.023630 0.782841
0.000010 0.000010 0.000010 0.000010 0.143767 0.037400 0.818793
0.000010 0.000010 0.000010 0.000010 0.155531 0.034802 0.809627
0.000010 0.000010 0.000010 0.000010 0.157545 0.030715 0.811700
0.000010 0.000010 0.000013 0.000010 0.190318 0.027459 0.782180
0.000010 0.000010 0.000010 0.000010 0.160858 0.028206 0.810896
0.000010 0.000010 0.000010 0.000010 0.158732 0.015896 0.825333
0.000012 0.000010 0.000010 0.000010 0.204529 0.014285 0.781143
0.000010 0.000013 0.000014 0.000010 0.147179 0.036704 0.816069
0.000010 0.000010 0.000010 0.000010 0.158145 0.018040 0.823775
0.000010 0.000010 0.000010 0.999940 0.000010 0.000010 0.000010
0.000010 0.000010 0.000013 0.999937 0.000010 0.000010 0.000010
0.000010 0.000010 0.000010 0.999940 0.000010 0.000010 0.000010
0.000010 0.000010 0.000010 0.999940 0.000010 0.000010 0.000010
0.000010 0.000010 0.000010 0.999940 0.000010 0.000010 0.000010
0.000010 0.000010 0.000010 0.999940 0.000010 0.000010 0.000010
0.000010 0.000010 0.000010 0.999940 0.000010 0.000010 0.000010
0.000010 0.000010 0.000010 0.999940 0.000010 0.000010 0.000010
0.000010 0.000010 0.000010 0.999940 0.000010 0.000010 0.000010
0.000010 0.000010 0.000010 0.999940 0.000010 0.000010 0.000010
0.000010 0.000010 0.000010 0.999940 0.000010 0.000010 0.000010
0.000010 0.000010 0.000010 0.999939 0.000010 0.000011 0.000010
0.000010 0.000010 0.000010 0.000010 0.000010 0.999940 0.000010
0.000010 0.000010 0.000010 0.000010 0.000010 0.999940 0.000010
0.000010 0.000010 0.000010 0.000010 0.000010 0.999940 0.000010
0.000010 0.000010 0.000010 0.000010 0.000010 0.999940 0.000010
0.000010 0.000010 0.000010 0.000010 0.000010 0.999940 0.000010
0.000010 0.000010 0.000010 0.000010 0.000010 0.999940 0.000010
0.000010 0.000010 0.000010 0.000010 0.000010 0.999940 0.000010
0.000010 0.000010 0.000010 0.000010 0.000010 0.999940 0.000010
0.000010 0.000010 0.000010 0.059451 0.000401 0.852209 0.087909
0.000010 0.000010 0.000010 0.077477 0.000010 0.916749 0.005734
0.000010 0.000010 0.000010 0.047446 0.056861 0.895652 0.000010
0.000010 0.000010 0.000010 0.056783 0.004609 0.938569 0.000010
0.000010 0.000010 0.000010 0.047429 0.000010 0.889246 0.063285
0.000010 0.000010 0.000010 0.046727 0.005265 0.890307 0.057671
0.000010 0.000010 0.016481 0.045208 0.019856 0.771685 0.146750
0.000010 0.000010 0.000010 0.047726 0.018477 0.844127 0.089639
0.000010 0.000010 0.043446 0.051121 0.017017 0.847744 0.040651
0.000010 0.000010 0.000010 0.054449 0.053687 0.887307 0.004528
0.000010 0.000010 0.000010 0.049515 0.023993 0.907334 0.019128
0.000010 0.000010 0.004661 0.043295 0.035857 0.802046 0.114122
0.000010 0.000010 0.000010 0.046052 0.016810 0.766920 0.170188
0.000010 0.000010 0.000010 0.040313 0.000010 0.890314 0.069333
0.000010 0.000010 0.000010 0.040448 0.022375 0.885146 0.052000
0.000010 0.000010 0.000010 0.046970 0.046034 0.906956 0.000010
0.000010 0.000010 0.018672 0.066285 0.009385 0.839135 0.066503
0.000010 0.000010 0.000010 0.052024 0.023191 0.822261 0.102494
0.000010 0.000010 0.000010 0.036646 0.215846 0.063735 0.683743
0.000010 0.000010 0.000010 0.041218 0.251828 0.044969 0.661956
0.000010 0.000010 0.000010 0.051037 0.237474 0.055338 0.656120
0.000010 0.000010 0.000010 0.046739 0.221670 0.056132 0.675429
0.000010 0.000010 0.000010 0.024712 0.234654 0.050049 0.690555
0.000010 0.000010 0.000010 0.036691 0.238443 0.052522 0.672314
0.000010 0.000010 0.000010 0.031116 0.243447 0.047003 0.678404
0.000010 0.000010 0.000010 0.041109 0.175763 0.061127 0.721970
0.000010 0.000010 0.000010 0.039631 0.212872 0.065400 0.682067
0.000010 0.000010 0.000010 0.059083 0.240518 0.048458 0.651911
0.000010 0.000010 0.000010 0.052624 0.243316 0.055368 0.648661
0.000010 0.000010 0.000010 0.057954 0.234966 0.065380 0.641670
0.000010 0.000010 0.000010 0.047364 0.266755 0.059239 0.626612
0.000010 0.000010 0.000010 0.054561 0.223129 0.071989 0.650291
0.000010 0.000010 0.000010 0.055591 0.254903 0.054831 0.634645
0.000010 0.000010 0.000010 0.033830 0.210033 0.070199 0.685908
0.000014 0.000010 0.000010 0.053006 0.250743 0.065184 0.631033
0.000010 0.000010 0.000010 0.046138 0.199754 0.067403 0.686675
0.000010 0.000010 0.000010 0.024916 0.219826 0.058415 0.696813
0.000010 0.000010 0.000010 0.044351 0.201898 0.064204 0.689517
0.000010 0.000010 0.000010 0.039456 0.189984 0.065989 0.704541
0.000010 0.000010 0.000010 0.054430 0.194905 0.045383 0.705251
0.000010 0.000010 0.999083 0.000010 0.000867 0.000010 0.000010
0.000010 0.000010 0.985893 0.000010 0.000010 0.000010 0.014057
0.000010 0.000010 0.984092 0.000010 0.015858 0.000010 0.000010
0.000010 0.000010 0.990577 0.000010 0.007291 0.000010 0.002092
0.000010 0.000010 0.991107 0.000010 0.001612 0.000010 0.007241
0.000010 0.000010 0.986527 0.000010 0.000010 0.001783 0.011650
0.000010 0.000010 0.978531 0.000010 0.000010 0.008025 0.013404
0.000010 0.000019 0.999187 0.000010 0.000010 0.000010 0.000754
0.000010 0.000010 0.988823 0.000010 0.006554 0.000010 0.004584
0.000010 0.000010 0.971927 0.000010 0.000010 0.002318 0.025715
0.000010 0.000010 0.975893 0.000010 0.000010 0.010853 0.013213
0.000010 0.000010 0.999940 0.000010 0.000010 0.000010 0.000010
0.000010 0.000010 0.999940 0.000010 0.000010 0.000010 0.000010
0.000010 0.000010 0.999940 0.000010 0.000010 0.000010 0.000010
0.000010 0.000010 0.999940 0.000010 0.000010 0.000010 0.000010
0.000010 0.000010 0.999940 0.000010 0.000010 0.000010 0.000010
0.000010 0.000010 0.999940 0.000010 0.000010 0.000010 0.000010
0.000010 0.000010 0.999940 0.000010 0.000010 0.000010 0.000010
0.000010 0.000010 0.994457 0.000010 0.000010 0.005493 0.000010
0.000010 0.000010 0.999940 0.000010 0.000010 0.000010 0.000010
0.000010 0.000010 0.999940 0.000010 0.000010 0.000010 0.000010
0.000010 0.000010 0.999940 0.000010 0.000010 0.000010 0.000010
0.000010 0.000010 0.999940 0.000010 0.000010 0.000010 0.000010
0.000010 0.000010 0.999940 0.000010 0.000010 0.000010 0.000010
0.000010 0.000010 0.999940 0.000010 0.000010 0.000010 0.000010
0.000010 0.000010 0.998830 0.000010 0.000010 0.001120 0.000010
0.000010 0.000010 0.998793 0.000010 0.000010 0.001157 0.000010
0.000010 0.000010 0.999940 0.000010 0.000010 0.000010 0.000010
0.000010 0.000010 0.999940 0.000010 0.000010 0.000010 0.000010
0.000010 0.000010 0.999940 0.000010 0.000010 0.000010 0.000010
0.000010 0.000010 0.999940 0.000010 0.000010 0.000010 0.000010
0.000010 0.000010 0.999940 0.000010 0.000010 0.000010 0.000010
0.000010 0.000010 0.000010 0.799173 0.067477 0.085469 0.047851
0.000010 0.000010 0.000010 0.806006 0.067185 0.073102 0.053677
0.000010 0.000010 0.000010 0.778267 0.077246 0.079577 0.064880
0.000010 0.000010 0.000010 0.740981 0.080875 0.088413 0.089701
0.000010 0.000010 0.000010 0.728440 0.103279 0.076742 0.091508
0.000010 0.000010 0.000010 0.803409 0.063420 0.091729 0.041413
0.000010 0.000010 0.000010 0.793468 0.055794 0.086833 0.063875
0.000010 0.000010 0.000010 0.798718 0.082950 0.088946 0.029357
0.000010 0.000010 0.000010 0.799586 0.049527 0.097299 0.053558
0.000010 0.000010 0.000010 0.798940 0.073555 0.086953 0.040521
0.000010 0.000010 0.000010 0.765035 0.073934 0.073046 0.087955
0.000010 0.000010 0.000010 0.813467 0.090314 0.085189 0.010999
0.000010 0.000010 0.000010 0.790855 0.102996 0.075141 0.030978
0.000010 0.000010 0.000010 0.790252 0.082749 0.094174 0.032795
0.000010 0.000010 0.000010 0.804159 0.057222 0.088287 0.050302
0.000012 0.000010 0.000010 0.765159 0.103914 0.081881 0.049014
0.000010 0.000010 0.000010 0.795921 0.088291 0.083856 0.031903
0.000010 0.000010 0.000010 0.765570 0.065381 0.092007 0.077012
0.000010 0.000010 0.000010 0.791961 0.084455 0.090099 0.033455
0.000010 0.000010 0.000010 0.741769 0.109440 0.081531 0.067230
0.000010 0.000010 0.000010 0.011539 0.000010 0.988411 0.000010
0.000010 0.000010 0.000010 0.999940 0.000010 0.000010 0.000010
0.000010 0.000010 0.000010 0.999940 0.000010 0.000010 0.000010
0.000010 0.000010 0.000010 0.999940 0.000010 0.000010 0.000010
0.000018 0.000010 0.000010 0.999932 0.000010 0.000010 0.000010
0.000010 0.000010 0.000010 0.999940 0.000010 0.000010 0.000010
0.000010 0.000010 0.000010 0.999940 0.000010 0.000010 0.000010
0.000010 0.000012 0.000010 0.999938 0.000010 0.000010 0.000010
0.000010 0.965453 0.033001 0.001507 0.000010 0.000010 0.000010
0.000010 0.997876 0.002074 0.000010 0.000010 0.000010 0.000010
0.000010 0.679861 0.320089 0.000010 0.000010 0.000010 0.000010
0.000010 0.646760 0.353190 0.000010 0.000010 0.000010 0.000010
0.000010 0.999940 0.000010 0.000010 0.000010 0.000010 0.000010
0.000010 0.999940 0.000010 0.000010 0.000010 0.000010 0.000010
0.000010 0.999940 0.000010 0.000010 0.000010 0.000010 0.000010
0.000010 0.336674 0.663276 0.000010 0.000010 0.000010 0.000010
0.000010 0.327487 0.672463 0.000010 0.000010 0.000010 0.000010
0.000010 0.000010 0.000010 0.000010 0.000010 0.999940 0.000010
0.000010 0.000010 0.000010 0.000010 0.000010 0.999940 0.000010
0.000010 0.000010 0.000010 0.000010 0.000010 0.999940 0.000010
0.000010 0.000010 0.000010 0.000010 0.000010 0.999940 0.000010
0.000010 0.000010 0.000010 0.000010 0.000010 0.999940 0.000010
0.000010 0.000010 0.000010 0.000010 0.000010 0.999940 0.000010
0.000010 0.000010 0.000010 0.000010 0.000010 0.999940 0.000010
0.000010 0.000010 0.000010 0.000010 0.000010 0.999940 0.000010
0.000010 0.000010 0.000010 0.000010 0.000010 0.999940 0.000010
0.000010 0.000010 0.000010 0.000010 0.000010 0.999940 0.000010
0.000010 0.000010 0.000010 0.000010 0.000010 0.999940 0.000010
0.000010 0.000010 0.000010 0.000010 0.000010 0.999940 0.000010
0.000010 0.000010 0.000010 0.999931 0.000019 0.000010 0.000010
0.000010 0.000010 0.000010 0.995388 0.000010 0.004562 0.000010
0.000010 0.000010 0.000010 0.999940 0.000010 0.000010 0.000010
0.788815 0.000010 0.000010 0.211135 0.000010 0.000010 0.000010
0.000010 0.147949 0.843543 0.000016 0.008462 0.000010 0.000010
0.000010 0.425772 0.574178 0.000010 0.000010 0.000010 0.000010
0.000010 0.106250 0.888269 0.000010 0.000010 0.005442 0.000010
0.000010 0.999940 0.000010 0.000010 0.000010 0.000010 0.000010
0.000010 0.244235 0.746844 0.000010 0.008881 0.000010 0.000010
0.000010 0.297677 0.698683 0.000013 0.003598 0.000010 0.000010
0.000010 0.169411 0.828819 0.000010 0.001731 0.000010 0.000010
0.000010 0.999935 0.000010 0.000010 0.000011 0.000013 0.000010
0.000010 0.000010 0.000010 0.034893 0.012779 0.946161 0.006137
0.000010 0.000010 0.000010 0.008487 0.000015 0.991458 0.000010
0.000010 0.000010 0.000010 0.000010 0.000010 0.999940 0.000010
0.000010 0.000010 0.000010 0.000010 0.000010 0.999940 0.000010
0.000010 0.000010 0.000010 0.032029 0.000010 0.967921 0.000010
0.000010 0.000010 0.000010 0.013885 0.000010 0.954994 0.031080
0.000010 0.000010 0.000010 0.050588 0.010922 0.938450 0.000010
0.000010 0.000010 0.000010 0.009492 0.000010 0.990458 0.000010
0.000010 0.000010 0.000010 0.035377 0.000010 0.920666 0.043918
0.000010 0.000010 0.000010 0.000010 0.000010 0.999940 0.000010
0.000010 0.000010 0.000010 0.033842 0.000010 0.966108 0.000010
0.000010 0.000010 0.000010 0.022811 0.000010 0.925743 0.051406
0.000010 0.000010 0.000010 0.051936 0.003436 0.944588 0.000010
0.000010 0.000010 0.000010 0.040697 0.000010 0.933986 0.025277
0.000010 0.000010 0.000010 0.000010 0.000010 0.000010 0.999940
0.000010 0.000010 0.000010 0.000010 0.000010 0.000010 0.999940
0.000010 0.000010 0.000010 0.000010 0.000010 0.000010 0.999940
0.000010 0.000010 0.000010 0.000010 0.000010 0.000010 0.999940
0.000010 0.000010 0.000010 0.000010 0.000010 0.000010 0.999940
0.000010 0.000010 0.000010 0.000010 0.000010 0.000010 0.999940
0.000010 0.000010 0.000010 0.000010 0.000010 0.000010 0.999940
0.000010 0.000010 0.000010 0.000010 0.000010 0.000010 0.999940
0.000010 0.000010 0.000010 0.000010 0.000010 0.000010 0.999940
0.000010 0.000010 0.000010 0.000010 0.000010 0.000010 0.999940
0.000010 0.000010 0.000010 0.000010 0.000010 0.000010 0.999940
0.000010 0.000010 0.000010 0.000010 0.000010 0.000010 0.999940
0.000010 0.000010 0.000010 0.000010 0.000010 0.000010 0.999940
0.000010 0.000010 0.000010 0.000010 0.000010 0.000010 0.999940
0.000010 0.000010 0.000010 0.000010 0.000010 0.000010 0.999940
0.000010 0.000010 0.000010 0.000010 0.000010 0.000010 0.999940
0.000010 0.000010 0.000010 0.000010 0.000010 0.000010 0.999940
0.000012 0.000010 0.000010 0.000010 0.000010 0.000010 0.999938
0.000010 0.998920 0.001030 0.000010 0.000010 0.000010 0.000010
0.000010 0.655126 0.344824 0.000010 0.000010 0.000010 0.000010
0.000010 0.643480 0.356470 0.000010 0.000010 0.000010 0.000010
0.000010 0.654514 0.345436 0.000010 0.000010 0.000010 0.000010
0.000010 0.000010 0.000010 0.999940 0.000010 0.000010 0.000010
0.000010 0.000010 0.000010 0.999940 0.000010 0.000010 0.000010
0.000010 0.000010 0.000010 0.999940 0.000010 0.000010 0.000010
0.000010 0.000010 0.000010 0.999940 0.000010 0.000010 0.000010
0.000010 0.000010 0.000010 0.999940 0.000010 0.000010 0.000010
0.000010 0.000010 0.000010 0.999940 0.000010 0.000010 0.000010
0.000010 0.000010 0.000010 0.999940 0.000010 0.000010 0.000010
0.000010 0.000010 0.000010 0.999940 0.000010 0.000010 0.000010
0.000010 0.000010 0.000010 0.999940 0.000010 0.000010 0.000010
0.000010 0.000010 0.000010 0.999940 0.000010 0.000010 0.000010
0.000010 0.000010 0.000010 0.000010 0.111818 0.009608 0.878534
0.000010 0.000010 0.000010 0.000010 0.110116 0.000010 0.889834
0.000010 0.000010 0.000010 0.000010 0.113400 0.007990 0.878571
0.000010 0.000010 0.000010 0.000010 0.095735 0.013420 0.890805
0.000010 0.000010 0.000010 0.000010 0.142659 0.005557 0.851745
0.000010 0.000010 0.000010 0.000010 0.083706 0.009435 0.906818
0.000010 0.000010 0.000010 0.000010 0.110204 0.021456 0.868300
0.000010 0.000010 0.000010 0.000010 0.149462 0.001751 0.848747
0.000010 0.000010 0.000010 0.000010 0.155658 0.000010 0.844292
0.000010 0.000010 0.000010 0.000010 0.198597 0.000010 0.801353
0.000010 0.000010 0.000010 0.000010 0.127950 0.003336 0.868673
0.000010 0.000010 0.000010 0.000010 0.121915 0.007486 0.870559
0.000010 0.000010 0.000010 0.000010 0.180567 0.002572 0.816821
0.000010 0.000010 0.000010 0.000010 0.107595 0.019061 0.873303
0.000010 0.000010 0.000010 0.000010 0.151718 0.000010 0.848232
0.000010 0.000010 0.000010 0.000010 0.120125 0.019302 0.860534
0.000010 0.000010 0.000010 0.000010 0.151863 0.009121 0.838976
0.000010 0.000010 0.000010 0.000010 0.118666 0.004348 0.876946
0.000010 0.000010 0.000010 0.000010 0.138665 0.011136 0.850159
0.000010 0.000010 0.000010 0.000010 0.078669 0.000837 0.920454
0.000010 0.000010 0.000010 0.993009 0.006941 0.000010 0.000010
0.000010 0.000010 0.000010 0.991812 0.000010 0.008138 0.000010
0.000275 0.000010 0.000010 0.997323 0.000010 0.002362 0.000010
0.000010 0.000010 0.000010 0.990431 0.000010 0.009519 0.000010
0.000010 0.000010 0.000010 0.988465 0.005827 0.005668 0.000010
