0.022863 0.034232 0.092546 0.000010 0.850349
0.015564 0.027558 0.091195 0.000010 0.865673
0.016183 0.044992 0.099094 0.000010 0.839721
0.004191 0.023212 0.100411 0.000010 0.872177
0.012938 0.028598 0.089703 0.000010 0.868751
0.009007 0.015894 0.093880 0.000010 0.881209
0.022219 0.021368 0.099950 0.000010 0.856453
0.019047 0.038015 0.119062 0.000010 0.823866
0.031112 0.028115 0.063332 0.028829 0.848612
0.016678 0.030755 0.069886 0.000010 0.882671
0.017354 0.034086 0.089770 0.000010 0.858780
0.015749 0.024966 0.100949 0.019540 0.838796
0.023484 0.035409 0.088646 0.002549 0.849913
0.022581 0.018524 0.087729 0.000010 0.871156
0.017725 0.033289 0.108959 0.011105 0.828923
0.019217 0.037439 0.085375 0.000010 0.857958
0.035274 0.027802 0.127325 0.028240 0.781359
0.019940 0.033770 0.076299 0.032844 0.837146
0.015514 0.027930 0.091781 0.000010 0.864765
0.015071 0.014168 0.087034 0.049907 0.833820
0.018422 0.023334 0.096563 0.000734 0.860947
0.013370 0.023836 0.101096 0.000010 0.861688
0.002936 0.025280 0.081628 0.000010 0.890146
0.031676 0.032342 0.148341 0.000010 0.787632
0.025732 0.020037 0.109538 0.000010 0.844683
0.016543 0.027065 0.074011 0.015647 0.866734
0.005358 0.030773 0.080989 0.000010 0.882871
0.016112 0.032055 0.091448 0.000010 0.860375
0.024981 0.032716 0.133391 0.000010 0.808902
0.012684 0.041223 0.079492 0.000010 0.866591
0.010633 0.022058 0.088617 0.000010 0.878682
0.004046 0.025920 0.086530 0.049255 0.834250
0.007365 0.026538 0.099268 0.000010 0.866819
0.016545 0.031530 0.079792 0.000010 0.872123
0.014428 0.032684 0.069486 0.000010 0.883391
0.008567 0.027023 0.082993 0.013947 0.867469
0.022624 0.022203 0.128348 0.013476 0.813349
0.035361 0.035368 0.102556 0.000010 0.826706
0.020147 0.028240 0.107439 0.000010 0.844163
0.014546 0.021398 0.119792 0.006073 0.838191
0.018500 0.024472 0.119162 0.033461 0.804405
0.000010 0.056622 0.510990 0.000010 0.432369
0.000010 0.049209 0.516308 0.000010 0.434463
0.000010 0.042719 0.480146 0.000010 0.477115
0.000011 0.043463 0.503140 0.000010 0.453377
0.000010 0.044361 0.474237 0.000010 0.481382
0.000010 0.054398 0.506614 0.000010 0.438968
0.000010 0.051818 0.518360 0.000010 0.429802
0.002411 0.039282 0.483511 0.000010 0.474786
0.000010 0.041558 0.488979 0.000010 0.469443
0.000010 0.027473 0.535030 0.000010 0.437477
0.000010 0.032338 0.521163 0.000010 0.446479
0.000017 0.059521 0.468909 0.000010 0.471543
0.000014 0.042377 0.523158 0.000010 0.434442
0.000010 0.053210 0.499520 0.000010 0.447250
0.019972 0.020073 0.078675 0.019257 0.862022
0.003134 0.017485 0.089926 0.011669 0.877785
0.017808 0.015707 0.068684 0.064990 0.832811
0.016623 0.021936 0.082779 0.000010 0.878652
0.016201 0.028999 0.096379 0.029517 0.828904
0.015286 0.020676 0.069367 0.024730 0.869941
0.018245 0.027743 0.098609 0.057096 0.798307
0.014722 0.024286 0.080702 0.053477 0.826813
0.011453 0.023331 0.088625 0.028365 0.848225
0.010886 0.023897 0.082821 0.037185 0.845211
0.006498 0.026109 0.070894 0.021975 0.874524
0.009108 0.023641 0.093926 0.046881 0.826445
0.022300 0.022604 0.080391 0.044226 0.830479
0.012357 0.009922 0.083600 0.076806 0.817316
0.017941 0.036842 0.058896 0.033190 0.853132
0.011852 0.030835 0.063188 0.016568 0.877556
0.011129 0.025339 0.074419 0.038338 0.850774
0.014222 0.025243 0.093028 0.000010 0.867496
0.014325 0.024360 0.086654 0.009520 0.865141
0.010585 0.026871 0.087131 0.033890 0.841523
0.034288 0.039469 0.166205 0.000010 0.760028
0.035000 0.037215 0.164329 0.000010 0.763447
0.029538 0.049796 0.149320 0.000010 0.771337
0.040426 0.044623 0.127227 0.000010 0.787714
0.027752 0.039818 0.162731 0.000010 0.769689
0.027417 0.041286 0.148830 0.000010 0.782457
0.022401 0.051331 0.143472 0.000010 0.782786
0.043878 0.050194 0.160278 0.000010 0.745640
0.034313 0.042458 0.152907 0.000010 0.770312
0.034875 0.049463 0.142795 0.000010 0.772857
0.038521 0.033350 0.149442 0.000010 0.778677
0.037836 0.036911 0.187429 0.000010 0.737814
0.050996 0.047125 0.143560 0.008563 0.749755
0.028523 0.052305 0.155531 0.000010 0.763631
0.032659 0.046958 0.119774 0.000010 0.800598
0.020388 0.047212 0.149959 0.000010 0.782431
0.019318 0.039087 0.125531 0.000010 0.816054
0.034730 0.050722 0.133398 0.000010 0.781141
0.020723 0.051625 0.115144 0.000010 0.812498
0.029107 0.040579 0.144831 0.000010 0.785472
0.035037 0.041309 0.143861 0.000010 0.779782
0.030302 0.042570 0.154566 0.000010 0.772551
0.023821 0.047921 0.111413 0.000010 0.816836
0.010492 0.050691 0.109899 0.000010 0.828908
0.026574 0.044664 0.146054 0.000010 0.782698
0.035346 0.043476 0.157913 0.000010 0.763255
0.016094 0.032233 0.131440 0.000010 0.820223
0.050789 0.041859 0.153951 0.000010 0.753390
0.011584 0.038402 0.134043 0.000010 0.815961
0.019855 0.035386 0.151006 0.000010 0.793743
0.026344 0.059992 0.134399 0.000010 0.779255
0.024430 0.054498 0.102726 0.000010 0.818336
0.024164 0.042069 0.120902 0.000010 0.812855
0.014317 0.040554 0.114697 0.000010 0.830422
0.026420 0.062638 0.094732 0.000010 0.816200
0.020510 0.051916 0.104347 0.000010 0.823217
0.032004 0.044579 0.115512 0.000010 0.807895
0.015253 0.048862 0.111412 0.000010 0.824462
0.013372 0.059996 0.111330 0.000010 0.815291
0.020339 0.053271 0.118542 0.000010 0.807838
0.012102 0.052304 0.133121 0.000010 0.802462
0.011444 0.059112 0.120543 0.000010 0.808890
0.021824 0.052313 0.108517 0.000010 0.817335
0.011781 0.042832 0.125395 0.000010 0.819982
0.016908 0.055316 0.102681 0.000010 0.825084
0.015447 0.065128 0.097179 0.000010 0.822236
0.015772 0.054225 0.126815 0.000010 0.803178
0.023752 0.051480 0.115471 0.000010 0.809286
0.030679 0.050565 0.238367 0.000010 0.680379
0.027098 0.042514 0.218404 0.000010 0.711975
0.031094 0.044922 0.230116 0.014108 0.679759
0.026227 0.039662 0.232918 0.000010 0.701183
0.027279 0.044420 0.219561 0.000010 0.708730
0.033462 0.043603 0.212513 0.000010 0.710412
0.030924 0.050482 0.226517 0.000010 0.692067
0.026756 0.033290 0.229979 0.000010 0.709965
0.023911 0.053708 0.227693 0.000010 0.694678
0.029132 0.047685 0.232329 0.000010 0.690844
0.024416 0.049707 0.230714 0.000010 0.695154
0.028438 0.032179 0.221396 0.000010 0.717977
0.028043 0.041979 0.220902 0.000010 0.709066
0.020764 0.045350 0.234101 0.000010 0.699775
0.033166 0.050362 0.242405 0.000010 0.674057
0.027856 0.046716 0.217461 0.000010 0.707957
0.028128 0.048284 0.230820 0.000010 0.692758
0.018361 0.041687 0.234014 0.000010 0.705927
0.016530 0.033378 0.228805 0.000010 0.721277
0.031896 0.046295 0.205565 0.000010 0.716235
0.018053 0.047709 0.224761 0.000010 0.709467
0.027627 0.057574 0.213238 0.000010 0.701551
0.025183 0.053985 0.221178 0.000010 0.699644
0.000010 0.000010 0.000010 0.999960 0.000010
0.000010 0.000010 0.000010 0.999960 0.000010
0.000010 0.000010 0.000010 0.999960 0.000010
0.000010 0.000010 0.000010 0.999960 0.000010
0.000010 0.000010 0.000010 0.999960 0.000010
0.000010 0.000010 0.000010 0.999960 0.000010
0.000010 0.000010 0.000010 0.999960 0.000010
0.000010 0.000010 0.000010 0.999960 0.000010
0.000010 0.000010 0.000010 0.999960 0.000010
0.000010 0.000010 0.000010 0.999960 0.000010
0.000010 0.000010 0.000010 0.999960 0.000010
0.000010 0.000010 0.000010 0.999960 0.000010
0.000010 0.000010 0.000010 0.999960 0.000010
0.000010 0.000010 0.000010 0.999960 0.000010
0.000010 0.000010 0.000010 0.999960 0.000010
0.000010 0.000010 0.000010 0.999960 0.000010
0.000010 0.000010 0.000010 0.999960 0.000010
0.000010 0.000010 0.000010 0.999960 0.000010
0.000010 0.000010 0.000010 0.999960 0.000010
0.000010 0.000010 0.000010 0.999960 0.000010
0.000010 0.000010 0.000010 0.999960 0.000010
0.000010 0.000010 0.000010 0.999960 0.000010
0.000010 0.015076 0.000010 0.000010 0.984894
0.000017 0.008556 0.000010 0.000010 0.991407
0.000010 0.021221 0.000010 0.000010 0.978749
0.000010 0.024424 0.000010 0.000010 0.975546
0.000010 0.010577 0.000010 0.000010 0.989393
0.000010 0.015245 0.000010 0.000010 0.984725
0.000010 0.020890 0.000010 0.000010 0.979080
0.000017 0.009964 0.000010 0.000010 0.989998
0.000010 0.022111 0.000010 0.000010 0.977859
0.000015 0.012715 0.000010 0.000010 0.987250
0.000010 0.022806 0.000010 0.000010 0.977164
0.000010 0.013230 0.000010 0.000010 0.986740
0.000010 0.022159 0.000010 0.000010 0.977811
0.000010 0.021259 0.000010 0.000010 0.978711
0.000016 0.028171 0.000010 0.000010 0.971793
0.002767 0.024357 0.000010 0.000010 0.972856
0.000010 0.018906 0.000010 0.000010 0.981064
0.000010 0.000010 0.000010 0.000010 0.999960
0.000015 0.023033 0.000010 0.000010 0.976933
0.000010 0.024182 0.000010 0.000010 0.975788
0.000010 0.027342 0.000010 0.000010 0.972627
0.000010 0.012097 0.002191 0.000010 0.985692
0.000010 0.014507 0.000010 0.000010 0.985463
0.000010 0.006923 0.000010 0.000010 0.993047
0.000010 0.023674 0.000010 0.000010 0.976296
0.999960 0.000010 0.000010 0.000010 0.000010
0.999960 0.000010 0.000010 0.000010 0.000010
0.999960 0.000010 0.000010 0.000010 0.000010
0.999960 0.000010 0.000010 0.000010 0.000010
0.999960 0.000010 0.000010 0.000010 0.000010
0.999960 0.000010 0.000010 0.000010 0.000010
0.999951 0.000019 0.000010 0.000010 0.000010
0.999960 0.000010 0.000010 0.000010 0.000010
0.999960 0.000010 0.000010 0.000010 0.000010
0.999960 0.000010 0.000010 0.000010 0.000010
0.999960 0.000010 0.000010 0.000010 0.000010
0.999960 0.000010 0.000010 0.000010 0.000010
0.999960 0.000010 0.000010 0.000010 0.000010
0.999960 0.000010 0.000010 0.000010 0.000010
0.000010 0.000010 0.000010 0.000010 0.999960
0.000010 0.000010 0.000010 0.000010 0.999960
0.000010 0.000903 0.000010 0.008462 0.990615
0.000010 0.000010 0.000010 0.000010 0.999960
0.000010 0.000507 0.000010 0.018569 0.980905
0.000010 0.004609 0.000010 0.000010 0.995361
0.000010 0.000010 0.000010 0.018434 0.981536
0.000010 0.000010 0.000010 0.000010 0.999960
0.000010 0.000010 0.000010 0.000010 0.999960
0.000010 0.000010 0.012019 0.017166 0.970795
0.000010 0.000010 0.000010 0.011031 0.988939
0.000010 0.000010 0.000010 0.005749 0.994221
0.000010 0.000010 0.000010 0.010051 0.989919
0.000010 0.000010 0.000010 0.000010 0.999960
0.000010 0.000010 0.000092 0.013417 0.986471
0.000010 0.006160 0.000010 0.000010 0.993810
0.000010 0.000010 0.000010 0.012347 0.987623
0.000010 0.000014 0.000010 0.000010 0.999956
0.000010 0.002077 0.011481 0.021695 0.964736
0.000010 0.000010 0.009930 0.011841 0.978209
0.000010 0.000890 0.012541 0.006168 0.980391
0.000010 0.000010 0.008449 0.009213 0.982318
0.000010 0.003121 0.000010 0.016983 0.979876
0.000013 0.000010 0.000010 0.000010 0.999957
0.000010 0.001366 0.000010 0.018360 0.980254
0.000010 0.000010 0.000010 0.012472 0.987498
0.000010 0.001678 0.000010 0.013369 0.984934
0.004383 0.000010 0.000010 0.019005 0.976593
0.000010 0.003868 0.000010 0.008666 0.987446
0.000010 0.000010 0.000010 0.006215 0.993755
0.000010 0.002245 0.000320 0.002002 0.995423
0.000010 0.003047 0.000010 0.000010 0.996923
0.000010 0.000010 0.000010 0.019431 0.980539
0.000010 0.000010 0.000010 0.000010 0.999960
0.000959 0.000010 0.002908 0.006654 0.989469
0.002423 0.000010 0.000010 0.012621 0.984935
0.000010 0.002266 0.002979 0.007599 0.987147
0.000010 0.000010 0.000010 0.000010 0.999960
0.000010 0.000010 0.002025 0.016940 0.981016
0.000010 0.000010 0.000010 0.067100 0.932870
0.000010 0.000010 0.000010 0.057315 0.942655
0.000010 0.000192 0.000010 0.106008 0.893780
0.000010 0.000010 0.000010 0.050953 0.949017
0.000010 0.000010 0.005208 0.157996 0.836776
0.000010 0.000010 0.000010 0.039876 0.960094
0.001894 0.014055 0.009294 0.070836 0.903921
0.000010 0.000010 0.000010 0.083898 0.916072
0.000010 0.000010 0.006784 0.060530 0.932666
0.000010 0.000010 0.000010 0.041261 0.958709
0.000010 0.000010 0.000010 0.048867 0.951103
0.000010 0.000010 0.000010 0.073966 0.926004
0.000010 0.000010 0.000915 0.124344 0.874721
0.000010 0.001122 0.008865 0.075434 0.914568
0.000010 0.000010 0.000010 0.066068 0.933902
0.000010 0.000010 0.000010 0.066284 0.933686
0.000010 0.000010 0.011643 0.062016 0.926320
0.000010 0.002190 0.008466 0.066871 0.922463
0.000010 0.001853 0.016706 0.074269 0.907163
0.000010 0.000010 0.000010 0.092072 0.907898
0.000010 0.000010 0.000010 0.046021 0.953949
0.000010 0.000010 0.000010 0.045043 0.954927
0.000010 0.000010 0.000010 0.140361 0.859609
0.000010 0.000010 0.002706 0.133035 0.864238
0.000010 0.008153 0.000010 0.097427 0.894400
0.000010 0.000010 0.000010 0.049621 0.950349
0.000010 0.000010 0.007105 0.096890 0.895985
0.000010 0.003847 0.000010 0.128478 0.867656
0.000010 0.000010 0.000010 0.067345 0.932625
0.000010 0.000568 0.002789 0.143200 0.853434
0.000010 0.000010 0.000010 0.054792 0.945178
0.000010 0.000010 0.007152 0.064297 0.928531
0.000010 0.000010 0.000010 0.039851 0.960119
0.000010 0.000010 0.012489 0.067759 0.919731
0.000010 0.000010 0.013706 0.094993 0.891282
0.000010 0.002955 0.000010 0.156700 0.840324
0.000010 0.000010 0.002779 0.081272 0.915929
0.000010 0.000010 0.000010 0.050443 0.949527
0.000010 0.000010 0.000010 0.038953 0.961017
0.000010 0.000010 0.000010 0.047652 0.952318
0.000010 0.000010 0.000010 0.059681 0.940289
0.000010 0.000010 0.000010 0.052851 0.947119
0.000010 0.007343 0.007033 0.054052 0.931562
0.790678 0.000010 0.209292 0.000010 0.000010
0.786410 0.000010 0.213560 0.000010 0.000010
0.796135 0.000010 0.203835 0.000010 0.000010
0.784591 0.006646 0.208742 0.000010 0.000010
0.756929 0.000010 0.243041 0.000010 0.000010
0.802641 0.000010 0.197329 0.000010 0.000010
0.791840 0.000010 0.208130 0.000010 0.000010
0.000012 0.000010 0.000010 0.000010 0.999958
0.000010 0.000014 0.000010 0.000010 0.999956
0.000016 0.000010 0.000010 0.000010 0.999954
0.000010 0.000010 0.000010 0.000010 0.999960
0.000010 0.000010 0.000010 0.000010 0.999960
0.000010 0.000010 0.000010 0.000010 0.999960
0.000010 0.000010 0.000010 0.000010 0.999960
0.000010 0.000010 0.000010 0.000010 0.999960
0.000010 0.000010 0.000010 0.000010 0.999960
0.000010 0.001652 0.003846 0.050654 0.943838
0.000010 0.000010 0.005090 0.058519 0.936371
0.000010 0.000010 0.000010 0.057235 0.942735
0.003397 0.000010 0.000010 0.052595 0.943989
0.000010 0.000758 0.002315 0.092479 0.904438
0.000010 0.000010 0.009170 0.073778 0.917031
0.001919 0.000010 0.011212 0.056643 0.930216
0.000010 0.000010 0.000010 0.094073 0.905897
0.000010 0.000010 0.002282 0.089361 0.908338
0.000010 0.000012 0.000010 0.042150 0.957818
0.000010 0.000012 0.000010 0.053598 0.946370
0.000010 0.000010 0.000010 0.052588 0.947382
0.000010 0.000010 0.000010 0.051726 0.948244
0.000010 0.002850 0.005690 0.065745 0.925705
0.000846 0.000010 0.004156 0.051208 0.943780
0.000010 0.000010 0.004977 0.051336 0.943667
0.000010 0.000010 0.000010 0.046631 0.953339
0.000010 0.000010 0.000010 0.068074 0.931896
0.000010 0.000010 0.003013 0.059067 0.937900
0.000010 0.000010 0.013092 0.081038 0.905850
0.000010 0.000010 0.000010 0.042142 0.957828
0.000010 0.999960 0.000010 0.000010 0.000010
0.000010 0.986371 0.013599 0.000010 0.000010
0.000010 0.986154 0.013816 0.000010 0.000010
0.037106 0.000010 0.861560 0.000010 0.101314
0.014144 0.000010 0.930453 0.000010 0.055383
0.039541 0.000010 0.842007 0.000010 0.118432
0.028407 0.001226 0.912754 0.000010 0.057603
0.049336 0.000010 0.865136 0.002492 0.083026
0.020164 0.000010 0.911354 0.000010 0.068462
0.035783 0.000010 0.869208 0.000010 0.094989
0.045416 0.000010 0.861344 0.000010 0.093221
0.000010 0.000010 0.015041 0.066721 0.918218
0.000010 0.000010 0.000010 0.062082 0.937888
0.000010 0.000010 0.000010 0.062598 0.937372
0.000010 0.000010 0.000010 0.063952 0.936018
0.000010 0.000010 0.000933 0.051693 0.947354
0.000010 0.001398 0.001130 0.067348 0.930113
0.000010 0.000010 0.007887 0.049031 0.943062
0.000010 0.000010 0.000010 0.102247 0.897723
0.000010 0.000010 0.000010 0.046754 0.953216
0.000010 0.000010 0.004944 0.055374 0.939662
0.000010 0.000323 0.000346 0.064852 0.934469
0.000010 0.000010 0.000010 0.055635 0.944335
0.000010 0.000010 0.000010 0.053434 0.946536
0.000010 0.000010 0.000010 0.053622 0.946348
0.000010 0.000010 0.014633 0.092151 0.893196
0.000010 0.007465 0.000010 0.051031 0.941483
0.000010 0.000010 0.003153 0.072273 0.924554
0.000010 0.000010 0.016144 0.055214 0.928622
0.000010 0.000010 0.999960 0.000010 0.000010
0.000010 0.000010 0.999960 0.000010 0.000010
0.000010 0.004190 0.995780 0.000010 0.000010
0.000010 0.012450 0.987520 0.000010 0.000010
0.000010 0.006301 0.993669 0.000010 0.000010
0.000010 0.002094 0.997876 0.000010 0.000010
0.000010 0.004728 0.995242 0.000010 0.000010
0.000010 0.007480 0.992490 0.000010 0.000010
0.000010 0.014961 0.985009 0.000010 0.000010
0.000010 0.027796 0.972174 0.000010 0.000010
0.000010 0.012967 0.987003 0.000010 0.000010
0.000010 0.005416 0.994554 0.000010 0.000010
0.000010 0.006436 0.993534 0.000010 0.000010
0.000010 0.006140 0.993830 0.000010 0.000010
0.000010 0.014675 0.981297 0.000010 0.004008
0.000010 0.012807 0.987163 0.000010 0.000010
0.000010 0.000010 0.999960 0.000010 0.000010
0.000010 0.000532 0.999438 0.000010 0.000010
0.000010 0.005050 0.994920 0.000010 0.000010
0.000010 0.009766 0.990204 0.000010 0.000010
0.000010 0.014834 0.985136 0.000010 0.000010
0.000010 0.006535 0.993435 0.000010 0.000010
0.000010 0.006721 0.993249 0.000010 0.000010
0.000010 0.023402 0.976568 0.000010 0.000010
0.000010 0.007260 0.992708 0.000011 0.000010
0.000010 0.007511 0.992459 0.000010 0.000010
0.000010 0.000010 0.999960 0.000010 0.000010
0.000010 0.000010 0.999960 0.000010 0.000010
0.000010 0.000010 0.999960 0.000010 0.000010
0.000010 0.006407 0.993563 0.000010 0.000010
0.000010 0.000010 0.999960 0.000010 0.000010
0.000010 0.000010 0.999960 0.000010 0.000010
0.000010 0.000010 0.999960 0.000010 0.000010
0.000010 0.000010 0.999960 0.000010 0.000010
0.000010 0.000010 0.999960 0.000010 0.000010
0.000010 0.000010 0.999960 0.000010 0.000010
0.000010 0.000010 0.999960 0.000010 0.000010
0.000010 0.000010 0.999960 0.000010 0.000010
0.805143 0.000010 0.194827 0.000010 0.000010
0.796663 0.000010 0.203307 0.000010 0.000010
0.000010 0.007906 0.992064 0.000010 0.000010
0.000010 0.008539 0.991431 0.000010 0.000010
0.000014 0.034868 0.000010 0.000010 0.965098
0.000010 0.037307 0.000010 0.000010 0.962663
0.000010 0.035351 0.000010 0.000010 0.964619
0.000019 0.025307 0.000010 0.000010 0.974654
0.000010 0.035825 0.000010 0.000010 0.964145
0.000010 0.033087 0.000010 0.000010 0.966883
0.000010 0.030254 0.000010 0.000010 0.969716
0.000010 0.029662 0.000010 0.000010 0.970308
0.000010 0.027488 0.000010 0.000010 0.972482
0.000010 0.015050 0.000013 0.000010 0.984916
0.000010 0.018132 0.000010 0.000010 0.981838
0.000010 0.033644 0.000010 0.000010 0.966326
0.000010 0.015935 0.000010 0.000010 0.984035
0.000010 0.000010 0.999960 0.000010 0.000010
0.000010 0.000010 0.999960 0.000010 0.000010
0.000010 0.000010 0.999960 0.000010 0.000010
0.000010 0.000010 0.999960 0.000010 0.000010
0.000010 0.000010 0.999960 0.000010 0.000010
0.000010 0.000010 0.999960 0.000010 0.000010
0.000010 0.000010 0.999960 0.000010 0.000010
0.000010 0.000010 0.999960 0.000010 0.000010
0.000010 0.000010 0.999960 0.000010 0.000010
0.000010 0.000010 0.999960 0.000010 0.000010
0.000010 0.000010 0.999959 0.000011 0.000010
0.000010 0.000010 0.999960 0.000010 0.000010
0.000010 0.999960 0.000010 0.000010 0.000010
0.000010 0.999960 0.000010 0.000010 0.000010
0.000010 0.999960 0.000010 0.000010 0.000010
0.000010 0.999960 0.000010 0.000010 0.000010
0.000010 0.999960 0.000010 0.000010 0.000010
0.000010 0.999960 0.000010 0.000010 0.000010
0.000010 0.999960 0.000010 0.000010 0.000010
0.000010 0.999960 0.000010 0.000010 0.000010
0.000010 0.852064 0.056185 0.000010 0.091731
0.000010 0.917257 0.077891 0.000010 0.004832
0.000010 0.898320 0.053111 0.000010 0.048549
0.000010 0.939629 0.060341 0.000010 0.000010
0.000010 0.889282 0.047340 0.000010 0.063358
0.000010 0.890371 0.045343 0.000010 0.064266
0.000010 0.770747 0.045966 0.008844 0.174434
0.000010 0.844253 0.047220 0.000010 0.108508
0.000010 0.848363 0.053160 0.039172 0.059294
0.000010 0.889511 0.060116 0.000010 0.050353
0.000010 0.908264 0.051592 0.000010 0.040124
0.000010 0.802183 0.045888 0.000010 0.151909
0.000010 0.766136 0.042704 0.000010 0.191140
0.000010 0.890012 0.038493 0.000010 0.071476
0.000010 0.885807 0.041487 0.000010 0.072686
0.000010 0.909249 0.053559 0.000010 0.037171
0.000010 0.838440 0.066661 0.011294 0.083595
0.000010 0.822318 0.051674 0.000010 0.125988
0.000010 0.065083 0.047136 0.000010 0.887760
0.000010 0.048866 0.054727 0.000010 0.896387
0.000010 0.057640 0.066168 0.000010 0.876172
0.000010 0.058084 0.057442 0.000010 0.884454
0.000010 0.052322 0.037165 0.000010 0.910493
0.000010 0.055559 0.050159 0.000010 0.894262
0.000010 0.050651 0.044168 0.000010 0.905161
0.000010 0.060722 0.046753 0.000010 0.892505
0.000010 0.067101 0.050210 0.000010 0.882669
0.000010 0.051271 0.073825 0.000010 0.874884
0.000010 0.058568 0.066930 0.000010 0.874482
0.000010 0.067786 0.072010 0.000010 0.860183
0.000010 0.063476 0.064830 0.000010 0.871674
0.000010 0.074388 0.066743 0.000010 0.858849
0.000010 0.058581 0.071071 0.000010 0.870328
0.000010 0.071348 0.044129 0.000010 0.884502
0.000010 0.068992 0.068832 0.000010 0.862157
0.000010 0.068620 0.055302 0.000010 0.876059
0.000010 0.059899 0.035954 0.000010 0.904127
0.000010 0.066175 0.052162 0.000010 0.881643
0.000010 0.066772 0.046730 0.000010 0.886478
0.000010 0.045278 0.063636 0.000010 0.891066
0.000010 0.001265 0.001555 0.970571 0.026599
0.000010 0.000010 0.000010 0.957861 0.042109
0.000010 0.000010 0.007497 0.950794 0.041689
0.002491 0.000010 0.005152 0.958207 0.034140
0.000010 0.002648 0.000010 0.962312 0.035020
0.000010 0.006878 0.000010 0.957091 0.036011
0.000010 0.016422 0.000010 0.948708 0.034849
0.000010 0.000010 0.005879 0.968605 0.025496
0.000010 0.005601 0.000010 0.959457 0.034922
0.000010 0.007442 0.000010 0.943345 0.049193
0.000010 0.016516 0.005830 0.945415 0.032229
0.000010 0.000010 0.000010 0.985237 0.014733
0.000010 0.006258 0.000010 0.977577 0.016145
0.000010 0.000010 0.000010 0.979685 0.020285
0.000010 0.000010 0.000010 0.993072 0.006898
0.000010 0.009184 0.000010 0.981650 0.009146
0.000010 0.002054 0.009295 0.987845 0.000795
0.000010 0.004656 0.008964 0.978815 0.007555
0.000010 0.014246 0.013304 0.972430 0.000010
0.001922 0.003754 0.006872 0.985232 0.002219
0.000010 0.010499 0.004162 0.985319 0.000010
0.000010 0.000010 0.000010 0.980303 0.019667
0.000010 0.003810 0.000010 0.986164 0.010006
0.000010 0.000010 0.003436 0.988550 0.007994
0.000010 0.001039 0.002813 0.988957 0.007182
0.000010 0.019683 0.000010 0.977688 0.002609
0.000010 0.009511 0.009828 0.974930 0.005720
0.000010 0.000010 0.006562 0.993408 0.000010
0.000010 0.008102 0.000010 0.991868 0.000010
0.000010 0.008041 0.000010 0.982705 0.009234
0.000010 0.006755 0.000010 0.976566 0.016659
0.000010 0.000685 0.000010 0.986031 0.013264
0.000010 0.087888 0.808085 0.000010 0.104007
0.000010 0.075469 0.814006 0.000010 0.110505
0.000010 0.082275 0.787158 0.000010 0.130547
0.000010 0.090918 0.750173 0.000010 0.158889
0.000010 0.080024 0.739413 0.000010 0.180544
0.000010 0.093906 0.810833 0.000010 0.095241
0.000010 0.088645 0.799354 0.000010 0.111981
0.000010 0.092754 0.810109 0.000010 0.097117
0.000010 0.098866 0.805123 0.000010 0.095991
0.000010 0.089804 0.808153 0.000010 0.102024
0.000010 0.075149 0.773017 0.000010 0.151814
0.000010 0.088618 0.825787 0.000010 0.085575
0.000010 0.079860 0.804566 0.000010 0.115555
0.000010 0.097890 0.801585 0.000010 0.100505
0.000010 0.090160 0.810578 0.000010 0.099242
0.000010 0.085836 0.777749 0.000010 0.136394
0.000010 0.087331 0.808213 0.000010 0.104436
0.000010 0.093866 0.772040 0.000010 0.134075
0.000010 0.092943 0.802037 0.000010 0.105000
0.000010 0.085363 0.755177 0.000010 0.159440
0.000010 0.988726 0.011244 0.000010 0.000010
0.000010 0.000010 0.999960 0.000010 0.000010
0.000010 0.000010 0.999960 0.000010 0.000010
0.000010 0.000010 0.999960 0.000010 0.000010
0.000010 0.000010 0.999960 0.000010 0.000010
0.000010 0.000010 0.999960 0.000010 0.000010
0.000010 0.000010 0.999960 0.000010 0.000010
0.000010 0.000010 0.999960 0.000010 0.000010
0.000010 0.000010 0.000010 0.999960 0.000010
0.000010 0.000010 0.000010 0.999960 0.000010
0.000010 0.000010 0.000010 0.999960 0.000010
0.000010 0.000010 0.000010 0.999960 0.000010
0.000010 0.000010 0.000010 0.999960 0.000010
0.000010 0.000010 0.000010 0.999960 0.000010
0.000010 0.000010 0.000010 0.999960 0.000010
0.000010 0.000010 0.000949 0.999021 0.000010
0.000010 0.000010 0.000010 0.999676 0.000294
0.000010 0.999960 0.000010 0.000010 0.000010
0.000010 0.999960 0.000010 0.000010 0.000010
0.000010 0.999960 0.000010 0.000010 0.000010
0.000010 0.999960 0.000010 0.000010 0.000010
0.000010 0.999960 0.000010 0.000010 0.000010
0.000010 0.999960 0.000010 0.000010 0.000010
0.000010 0.999960 0.000010 0.000010 0.000010
0.000010 0.999960 0.000010 0.000010 0.000010
0.000010 0.999960 0.000010 0.000010 0.000010
0.000010 0.999960 0.000010 0.000010 0.000010
0.000010 0.999960 0.000010 0.000010 0.000010
0.000010 0.999960 0.000010 0.000010 0.000010
0.000010 0.000010 0.999960 0.000010 0.000010
0.000010 0.004640 0.995330 0.000010 0.000010
0.000010 0.000010 0.999960 0.000010 0.000010
0.789490 0.000010 0.210480 0.000010 0.000010
0.000010 0.000049 0.006291 0.974616 0.019034
0.000010 0.000010 0.000010 0.999960 0.000010
0.000010 0.013075 0.004063 0.975587 0.007264
0.000010 0.000010 0.000010 0.999960 0.000010
0.000010 0.000010 0.001609 0.984968 0.013404
0.000010 0.000010 0.002338 0.991895 0.005747
0.000010 0.000010 0.000010 0.985143 0.014827
0.000010 0.000010 0.000010 0.999960 0.000010
0.000019 0.947047 0.035734 0.000010 0.017191
0.000010 0.992075 0.007895 0.000010 0.000010
0.000010 0.999960 0.000010 0.000010 0.000010
0.000010 0.999960 0.000010 0.000010 0.000010
0.000010 0.968532 0.031438 0.000010 0.000010
0.000010 0.955444 0.012901 0.000010 0.031635
0.000010 0.939503 0.054209 0.000010 0.006268
0.000010 0.990988 0.008982 0.000010 0.000010
0.000010 0.920902 0.036540 0.000010 0.042538
0.000010 0.999960 0.000010 0.000010 0.000010
0.000010 0.966643 0.033327 0.000010 0.000010
0.000010 0.926036 0.021350 0.000010 0.052594
0.000010 0.945152 0.052468 0.000010 0.002360
0.000010 0.934264 0.039383 0.000010 0.026333
0.000010 0.000010 0.000010 0.000010 0.999960
0.000010 0.000010 0.000010 0.000010 0.999960
0.000010 0.000010 0.000010 0.000010 0.999960
0.000010 0.000010 0.000010 0.000010 0.999960
0.000010 0.000010 0.000010 0.000010 0.999960
0.000010 0.000010 0.000010 0.000010 0.999960
0.000015 0.000010 0.000010 0.000010 0.999955
0.000010 0.000010 0.000010 0.000010 0.999960
0.000010 0.000010 0.000010 0.000010 0.999960
0.000010 0.000010 0.000010 0.000010 0.999960
0.000010 0.000010 0.000010 0.000010 0.999960
0.000010 0.000010 0.000010 0.000010 0.999960
0.000010 0.000010 0.000010 0.000010 0.999960
0.000010 0.000010 0.000010 0.000010 0.999960
0.000010 0.000010 0.000010 0.000010 0.999960
0.000010 0.000010 0.000010 0.000010 0.999960
0.000010 0.000010 0.000010 0.000010 0.999960
0.000010 0.000013 0.000010 0.000010 0.999957
0.000010 0.000010 0.000010 0.999960 0.000010
0.000010 0.000010 0.000010 0.999960 0.000010
0.000010 0.000010 0.000010 0.999960 0.000010
0.000010 0.000010 0.000010 0.999960 0.000010
0.000010 0.000010 0.999960 0.000010 0.000010
0.000010 0.000010 0.999960 0.000010 0.000010
0.000010 0.000010 0.999960 0.000010 0.000010
0.000010 0.000010 0.999960 0.000010 0.000010
0.000010 0.000010 0.999960 0.000010 0.000010
0.000010 0.000010 0.999960 0.000010 0.000010
0.000010 0.000010 0.999960 0.000010 0.000010
0.000010 0.000010 0.999960 0.000010 0.000010
0.000010 0.000010 0.999960 0.000010 0.000010
0.000010 0.000010 0.999960 0.000010 0.000010
0.000010 0.001814 0.000010 0.000010 0.998156
0.000010 0.000010 0.000010 0.000010 0.999960
0.000014 0.004544 0.000010 0.000010 0.995423
0.000010 0.006878 0.000010 0.000010 0.993092
0.000010 0.003937 0.000010 0.000010 0.996033
0.000010 0.001940 0.000010 0.000010 0.998030
0.000010 0.015746 0.000010 0.000010 0.984224
0.000010 0.001260 0.000010 0.000010 0.998710
0.000010 0.000010 0.000010 0.000010 0.999960
0.000010 0.000010 0.000010 0.000010 0.999960
0.000010 0.001305 0.000010 0.000010 0.998665
0.000010 0.001389 0.000010 0.000010 0.998581
0.000010 0.003079 0.000010 0.000010 0.996891
0.000010 0.013481 0.000010 0.000010 0.986489
0.000010 0.000016 0.000010 0.000010 0.999954
0.000011 0.015159 0.000010 0.000010 0.984809
0.000010 0.007189 0.000010 0.000010 0.992781
0.000010 0.000011 0.000010 0.000010 0.999959
0.000010 0.008385 0.000010 0.000010 0.991585
0.000010 0.000010 0.000010 0.000010 0.999960
0.000010 0.000010 0.997120 0.000010 0.002850
0.000010 0.007473 0.992497 0.000010 0.000010
0.000011 0.002098 0.997871 0.000010 0.000010
0.000010 0.008982 0.990988 0.000010 0.000010
0.000010 0.006534 0.992602 0.000010 0.000844
0.000010 0.005999 0.993971 0.000010 0.000010
0.000010 0.000010 0.999960 0.000010 0.000010
0.000010 0.008787 0.991183 0.000010 0.000010
0.000010 0.000010 0.999960 0.000010 0.000010
0.000010 0.000010 0.999960 0.000010 0.000010
0.000010 0.000010 0.999960 0.000010 0.000010
0.000010 0.000010 0.999960 0.000010 0.000010
0.000010 0.000010 0.999960 0.000010 0.000010
0.000010 0.000010 0.999960 0.000010 0.000010
0.000010 0.000011 0.999959 0.000010 0.000010
0.000010 0.000010 0.999960 0.000010 0.000010
0.000010 0.000010 0.999960 0.000010 0.000010
0.000010 0.000010 0.999960 0.000010 0.000010
0.000010 0.000010 0.999960 0.000010 0.000010
0.000010 0.000010 0.999960 0.000010 0.000010
0.000010 0.000010 0.000010 0.959844 0.040126
0.000010 0.001388 0.003466 0.961119 0.034017
0.000010 0.002341 0.007582 0.965935 0.024132
0.000010 0.071723 0.913093 0.000010 0.015164
0.000010 0.029453 0.961372 0.000010 0.009155
0.000010 0.050146 0.923184 0.000010 0.026650
0.000010 0.078808 0.902889 0.000010 0.018283
0.000010 0.053639 0.915890 0.000010 0.030451
0.000010 0.046777 0.939452 0.000010 0.013751
0.000010 0.061383 0.931467 0.000010 0.007130
0.000010 0.098196 0.883746 0.000010 0.018037
0.000010 0.030594 0.923923 0.000010 0.045463
0.000010 0.031963 0.945491 0.000010 0.022525
0.000010 0.031352 0.917277 0.000010 0.051351
0.000010 0.035572 0.922920 0.000010 0.041488
0.000010 0.044172 0.939259 0.000010 0.016549
0.000010 0.037916 0.924289 0.000010 0.037775
0.000010 0.032431 0.941704 0.000010 0.025846
0.000010 0.038195 0.944680 0.000010 0.017105
0.000010 0.038221 0.942161 0.000010 0.019598
0.000010 0.043531 0.930311 0.000010 0.026138
0.000010 0.048653 0.905660 0.000010 0.045667
0.000010 0.023284 0.947251 0.000010 0.029445
0.000010 0.026531 0.921893 0.000010 0.051556
0.000010 0.035070 0.927232 0.000010 0.037678
0.000010 0.018426 0.953737 0.000010 0.027817
0.000010 0.042852 0.917851 0.000010 0.039277
0.000010 0.028382 0.971588 0.000010 0.000010
0.000010 0.049348 0.938767 0.000010 0.011865
0.000010 0.052096 0.945443 0.000010 0.002442
0.000010 0.036881 0.928684 0.000010 0.034415
0.000010 0.033496 0.956075 0.000010 0.010408
0.000010 0.058362 0.935787 0.000010 0.005831
0.000010 0.033191 0.966779 0.000010 0.000010
0.000010 0.053279 0.942379 0.000010 0.004322
0.000010 0.015531 0.946683 0.000010 0.037766
0.000010 0.016364 0.958747 0.000010 0.024869
0.000010 0.038139 0.958897 0.000010 0.002944
0.000010 0.028548 0.913247 0.000010 0.058185
0.000010 0.032794 0.959967 0.000010 0.007219
0.000010 0.023438 0.936704 0.000010 0.039838
0.000010 0.021503 0.951660 0.000010 0.026817
0.000010 0.000010 0.000010 0.196604 0.803366
0.000012 0.000010 0.000010 0.192911 0.807057
0.000010 0.000010 0.000010 0.184226 0.815744
0.000010 0.000010 0.000010 0.216689 0.783281
0.000011 0.000010 0.000010 0.243096 0.756873
0.000010 0.000010 0.000010 0.195085 0.804885
0.000012 0.000010 0.000010 0.216981 0.782987
0.000010 0.000010 0.000010 0.218011 0.781959
0.000010 0.000010 0.000010 0.155487 0.844483
0.000010 0.000010 0.000010 0.191726 0.808244
0.000010 0.000010 0.000010 0.191279 0.808691
0.000010 0.000010 0.000010 0.205280 0.794690
0.000013 0.000010 0.000010 0.186608 0.813359
0.000010 0.000011 0.000010 0.266067 0.733902
0.000010 0.000010 0.000010 0.195726 0.804244
0.000010 0.000010 0.000010 0.218791 0.781179
0.000010 0.000010 0.000010 0.208698 0.791272
0.000016 0.000010 0.000010 0.195619 0.804345
0.000010 0.000010 0.000010 0.195146 0.804824
0.000010 0.000010 0.000010 0.205602 0.794368
0.000010 0.000010 0.000010 0.185840 0.814130
0.000010 0.003774 0.000010 0.952891 0.043315
0.000010 0.012786 0.000010 0.966565 0.020629
0.003574 0.000010 0.000010 0.956042 0.040364
0.000010 0.008900 0.991070 0.000010 0.000010
0.000010 0.015996 0.981262 0.000010 0.002723
0.000010 0.015372 0.984598 0.000010 0.000010
0.000010 0.005678 0.994292 0.000010 0.000010
0.000010 0.004750 0.995220 0.000010 0.000010
0.000010 0.002194 0.997776 0.000010 0.000010
0.000010 0.000010 0.979362 0.000010 0.020608
0.000010 0.000010 0.999960 0.000010 0.000010
0.000010 0.013389 0.986581 0.000010 0.000010
0.000010 0.003196 0.976509 0.000010 0.020275
0.005932 0.038006 0.460950 0.000010 0.495102
0.002444 0.045050 0.425828 0.000010 0.526668
0.000010 0.048563 0.500606 0.000010 0.450811
0.000010 0.054217 0.462696 0.000010 0.483066
0.000010 0.050345 0.505704 0.000010 0.443931
0.000010 0.055333 0.603654 0.000010 0.340993
0.000010 0.047723 0.447706 0.000010 0.504551
0.000010 0.039327 0.561753 0.000010 0.398900
0.000010 0.056476 0.538714 0.000010 0.404790
0.000954 0.046860 0.500892 0.000010 0.451284
0.007831 0.000010 0.992139 0.000010 0.000010
0.002573 0.000010 0.997397 0.000010 0.000010
0.000010 0.000010 0.999960 0.000010 0.000010
0.000010 0.000010 0.999960 0.000010 0.000010
0.000010 0.000010 0.999960 0.000010 0.000010
0.000010 0.000010 0.999960 0.000010 0.000010
0.000199 0.000010 0.999771 0.000010 0.000010
0.000010 0.000010 0.999960 0.000010 0.000010
0.008757 0.000010 0.991213 0.000010 0.000010
0.000010 0.000010 0.999960 0.000010 0.000010
0.000010 0.000010 0.999960 0.000010 0.000010
0.000745 0.000010 0.999225 0.000010 0.000010
0.008570 0.000010 0.991400 0.000010 0.000010
0.002464 0.000010 0.997506 0.000010 0.000010
0.010225 0.000010 0.989745 0.000010 0.000010
0.000010 0.000010 0.999960 0.000010 0.000010
0.003388 0.000010 0.996582 0.000010 0.000010
0.005705 0.000010 0.994265 0.000010 0.000010
0.000010 0.000010 0.999960 0.000010 0.000010
0.000010 0.000010 0.999960 0.000010 0.000010
0.000010 0.000010 0.999960 0.000010 0.000010
0.000010 0.000010 0.999960 0.000010 0.000010
0.000010 0.000010 0.999960 0.000010 0.000010
0.000010 0.000010 0.999960 0.000010 0.000010
0.000010 0.000010 0.999960 0.000010 0.000010
0.000010 0.000010 0.999960 0.000010 0.000010
0.000010 0.000010 0.999960 0.000010 0.000010
0.000010 0.000010 0.999960 0.000010 0.000010
0.000010 0.002037 0.997933 0.000010 0.000010
0.000010 0.000010 0.999960 0.000010 0.000010
0.000010 0.000010 0.999960 0.000010 0.000010
0.000011 0.005511 0.994458 0.000010 0.000010
0.000010 0.009613 0.990357 0.000010 0.000010
0.000010 0.000010 0.999960 0.000010 0.000010
0.000010 0.000010 0.999960 0.000010 0.000010
0.000010 0.000010 0.999960 0.000010 0.000010
0.002352 0.000971 0.996657 0.000010 0.000010
0.000010 0.018807 0.931680 0.000010 0.049493
0.000010 0.018626 0.899116 0.000010 0.082237
0.000010 0.010705 0.949803 0.000010 0.039473
0.000010 0.017556 0.899981 0.000010 0.082443
0.000010 0.005437 0.934007 0.000010 0.060536
0.000010 0.014308 0.934145 0.000010 0.051527
0.000010 0.024862 0.902542 0.000010 0.072575
0.000010 0.020600 0.936604 0.000010 0.042776
0.000010 0.012006 0.934034 0.000010 0.053940
0.000010 0.019953 0.905852 0.000010 0.074175
0.000010 0.000010 0.000010 0.000010 0.999960
0.000010 0.006352 0.000010 0.000010 0.993618
0.000010 0.003739 0.000010 0.000010 0.996231
0.000010 0.002330 0.000010 0.000010 0.997640
0.000010 0.000010 0.000010 0.000010 0.999960
0.000010 0.002011 0.000010 0.000010 0.997959
0.000010 0.000010 0.000010 0.000010 0.999960
0.000010 0.000010 0.000010 0.000010 0.999960
0.000010 0.000808 0.000010 0.000010 0.999162
0.000010 0.016713 0.000010 0.000010 0.983257
0.000010 0.000010 0.000010 0.000010 0.999960
0.000013 0.002795 0.000010 0.000010 0.997173
0.000010 0.006620 0.000010 0.000010 0.993350
0.000010 0.004816 0.000010 0.000010 0.995154
0.000010 0.001876 0.000010 0.000010 0.998094
0.000010 0.000010 0.000010 0.000010 0.999960
0.000010 0.000012 0.000010 0.000010 0.999958
0.000010 0.000010 0.000010 0.000010 0.999960
0.000010 0.000010 0.000010 0.000010 0.999960
0.000010 0.007289 0.000010 0.000010 0.992681
0.000010 0.037808 0.050790 0.000010 0.911382
0.000010 0.019370 0.020542 0.000010 0.960068
0.000010 0.014845 0.035821 0.000010 0.949315
0.000010 0.026475 0.056542 0.000010 0.916963
0.000010 0.013725 0.038667 0.000010 0.947588
0.000010 0.027249 0.032918 0.000010 0.939813
0.000010 0.032632 0.070762 0.000010 0.896586
0.000010 0.024701 0.071023 0.000010 0.904256
0.000010 0.004304 0.038844 0.000010 0.956832
0.000010 0.019777 0.041188 0.000010 0.939015
0.000010 0.027175 0.048173 0.000010 0.924633
0.000010 0.016559 0.053084 0.000010 0.930337
0.000010 0.019363 0.039551 0.000010 0.941066
0.000010 0.023970 0.029115 0.000010 0.946895
0.000010 0.025647 0.082405 0.000010 0.891927
0.000010 0.000688 0.015217 0.955776 0.028310
0.000010 0.004957 0.014041 0.931415 0.049577
0.000010 0.002690 0.007795 0.938264 0.051241
0.000010 0.000253 0.011921 0.935202 0.052615
0.000010 0.007341 0.008266 0.928095 0.056288
0.000010 0.001969 0.005286 0.949656 0.043078
0.000010 0.003194 0.000010 0.985405 0.011381
0.000010 0.004480 0.001915 0.992070 0.001525
0.000010 0.004767 0.000250 0.985809 0.009164
0.000010 0.006099 0.005620 0.986233 0.002038
0.000010 0.000010 0.000010 0.987214 0.012756
0.000020 0.000010 0.000010 0.999950 0.000010
0.000010 0.003375 0.000010 0.986140 0.010465
0.000010 0.003050 0.000010 0.994173 0.002758
0.000010 0.006996 0.000010 0.978049 0.014935
0.000010 0.012721 0.002003 0.985256 0.000010
0.000010 0.015255 0.000010 0.973698 0.011026
0.000010 0.000010 0.005709 0.981310 0.012961
0.000010 0.013783 0.000010 0.982383 0.003814
0.000010 0.000010 0.000668 0.989896 0.009416
0.000010 0.002196 0.000010 0.986983 0.010801
0.000010 0.001156 0.002841 0.982666 0.013327
0.000010 0.001668 0.000010 0.987915 0.010397
0.000010 0.006715 0.000010 0.993255 0.000010
0.000010 0.010626 0.004131 0.979168 0.006065
0.000010 0.005290 0.000010 0.983392 0.011298
0.000010 0.000241 0.005141 0.992914 0.001695
0.000010 0.007506 0.000010 0.982856 0.009618
0.000010 0.005866 0.000010 0.988577 0.005537
0.000010 0.005594 0.000010 0.980673 0.013712
0.000010 0.013954 0.000010 0.985214 0.000812
0.000010 0.010342 0.003014 0.982468 0.004166
0.000010 0.005528 0.000010 0.984124 0.010328
0.000010 0.000010 0.014308 0.984006 0.001665
0.000010 0.016037 0.000010 0.981092 0.002852
0.000010 0.011359 0.000010 0.985799 0.002822
0.000010 0.000010 0.000010 0.990481 0.009489
0.000010 0.000010 0.018522 0.981448 0.000010
0.000010 0.014610 0.000010 0.984454 0.000916
0.000010 0.000010 0.000010 0.989394 0.010576
0.000010 0.010452 0.000010 0.989518 0.000010
0.000010 0.006882 0.000010 0.982982 0.010116
0.000010 0.007104 0.000010 0.981241 0.011635
0.000010 0.007941 0.000010 0.981985 0.010054
0.000010 0.007276 0.000010 0.988127 0.004577
0.000010 0.000010 0.000010 0.987220 0.012750
0.000010 0.013336 0.002336 0.983331 0.000987
0.000010 0.006286 0.008212 0.985483 0.000010
0.000010 0.001481 0.005746 0.992753 0.000010
0.000010 0.006373 0.000010 0.989244 0.004362
0.000010 0.003776 0.007603 0.988601 0.000010
0.000010 0.003518 0.000010 0.987171 0.009291
0.000010 0.000010 0.009024 0.989246 0.001711
0.000010 0.001399 0.011326 0.976633 0.010632
0.000010 0.001697 0.002167 0.996116 0.000010
0.000010 0.026654 0.065427 0.000010 0.907899
0.000010 0.999960 0.000010 0.000010 0.000010
0.000010 0.999960 0.000010 0.000010 0.000010
0.000010 0.999960 0.000010 0.000010 0.000010
0.000010 0.999960 0.000010 0.000010 0.000010
0.000010 0.832105 0.000010 0.000010 0.167865
0.000010 0.979761 0.000010 0.000010 0.020209
0.000010 0.988992 0.010978 0.000010 0.000010
0.000010 0.905081 0.094889 0.000010 0.000010
0.000010 0.924186 0.075784 0.000010 0.000010
0.000015 0.960648 0.039317 0.000010 0.000010
0.025206 0.829182 0.119142 0.026459 0.000010
0.071710 0.860340 0.067930 0.000010 0.000010
0.000010 0.999960 0.000010 0.000010 0.000010
0.000010 0.999960 0.000010 0.000010 0.000010
0.002383 0.890659 0.106938 0.000010 0.000010
