0.000010 0.854573 0.121212 0.024205
0.000010 0.869260 0.113443 0.017288
0.000010 0.844869 0.138322 0.016799
0.000010 0.875093 0.118513 0.006384
0.000010 0.872313 0.113095 0.014582
0.000010 0.883235 0.105301 0.011455
0.000010 0.858822 0.116872 0.024296
0.000010 0.827693 0.151812 0.020486
0.028787 0.852492 0.086485 0.032235
0.000010 0.886830 0.095538 0.017622
0.000010 0.862973 0.118428 0.018590
0.019627 0.841748 0.121164 0.017462
0.002405 0.854381 0.118513 0.024701
0.000010 0.873775 0.101570 0.024645
0.011131 0.832600 0.136853 0.019416
0.000010 0.862619 0.117101 0.020270
0.028396 0.783829 0.150298 0.037478
0.032786 0.841665 0.104511 0.021038
0.000010 0.868315 0.114704 0.016970
0.050087 0.835714 0.096930 0.017268
0.000872 0.864019 0.114638 0.020470
0.000010 0.864233 0.120469 0.015288
0.000010 0.893578 0.101837 0.004575
0.000010 0.790375 0.175333 0.034281
0.000010 0.846902 0.125065 0.028023
0.015772 0.870559 0.095738 0.017932
0.000010 0.887276 0.106493 0.006220
0.000010 0.863993 0.118521 0.017476
0.000010 0.811639 0.161308 0.027043
0.000010 0.872028 0.114554 0.013408
0.000010 0.881602 0.106185 0.012203
0.049336 0.837735 0.107915 0.005014
0.000010 0.869884 0.120741 0.009365
0.000010 0.876371 0.106067 0.017552
0.000010 0.887878 0.096793 0.015318
0.014010 0.871302 0.104749 0.009938
0.013841 0.815315 0.145831 0.025014
0.000010 0.830637 0.132516 0.036836
0.000010 0.847264 0.130749 0.021977
0.006337 0.840341 0.136466 0.016857
0.033711 0.806567 0.139040 0.020682
0.000010 0.430981 0.568999 0.000010
0.000010 0.432633 0.566370 0.000987
0.000010 0.473141 0.521161 0.005688
0.000010 0.448740 0.544641 0.006609
0.000010 0.478764 0.518406 0.002820
0.000010 0.436410 0.559550 0.004030
0.000010 0.427284 0.570074 0.002632
0.000010 0.471946 0.522567 0.005477
0.000010 0.465706 0.529318 0.004965
0.000010 0.433792 0.566188 0.000010
0.000010 0.442289 0.554364 0.003337
0.000010 0.471586 0.528394 0.000010
0.000010 0.429717 0.564511 0.005761
0.001728 0.445056 0.553206 0.000010
0.019249 0.864966 0.094127 0.021659
0.011817 0.879873 0.102910 0.005401
0.065073 0.835720 0.079538 0.019669
0.000010 0.881876 0.100240 0.017875
0.029462 0.832539 0.120542 0.017457
0.024737 0.873320 0.084900 0.017044
0.057141 0.801425 0.121686 0.019747
0.053542 0.830262 0.100202 0.015994
0.028435 0.851374 0.107137 0.013053
0.037264 0.848641 0.101940 0.012155
0.021971 0.878466 0.091755 0.007807
0.047033 0.829319 0.112877 0.010771
0.044341 0.833589 0.098175 0.023895
0.077044 0.819137 0.089219 0.014600
0.033153 0.858310 0.090520 0.018018
0.016618 0.882474 0.088167 0.012741
0.038361 0.854646 0.094657 0.012336
0.000010 0.870512 0.113406 0.016072
0.009516 0.868586 0.105929 0.015969
0.033943 0.845044 0.109350 0.011664
0.000010 0.762643 0.200675 0.036672
0.000010 0.765845 0.196796 0.037349
0.000010 0.775360 0.193791 0.030840
0.000010 0.791895 0.166361 0.041734
0.000010 0.772585 0.197295 0.030110
0.000010 0.785741 0.184999 0.029250
0.000010 0.787051 0.189195 0.023745
0.000010 0.749696 0.204696 0.045598
0.000010 0.773485 0.190235 0.036270
0.000010 0.777031 0.186763 0.036196
0.000010 0.781157 0.177999 0.040834
0.000010 0.739603 0.219601 0.040786
0.008778 0.758413 0.189414 0.043395
0.000010 0.767622 0.202199 0.030169
0.000010 0.805335 0.160280 0.034375
0.000010 0.785987 0.191835 0.022169
0.000010 0.819781 0.159640 0.020569
0.000010 0.785634 0.178655 0.035701
0.000010 0.817626 0.160924 0.021440
0.000010 0.788769 0.180297 0.030924
0.000010 0.783138 0.179787 0.037065
0.000010 0.775929 0.191958 0.032103
0.000010 0.821380 0.153865 0.024745
0.000010 0.834486 0.154136 0.011369
0.000010 0.786452 0.185446 0.028093
0.000010 0.766379 0.196467 0.037144
0.000010 0.823249 0.158717 0.018025
0.000010 0.756532 0.190743 0.052715
0.000010 0.819373 0.167346 0.013271
0.000010 0.796448 0.181563 0.021979
0.000010 0.784690 0.188413 0.026887
0.000010 0.824569 0.150707 0.024713
0.000010 0.816938 0.157856 0.025197
0.000010 0.834615 0.149855 0.015519
0.000010 0.823251 0.150837 0.025902
0.000010 0.828909 0.150053 0.021029
0.000010 0.812489 0.154650 0.032851
0.000010 0.829922 0.154295 0.015773
0.000010 0.821290 0.165278 0.013422
0.000010 0.813342 0.165650 0.020998
0.000010 0.807104 0.180049 0.012837
0.000010 0.814699 0.173014 0.012277
0.000010 0.822848 0.154878 0.022264
0.000010 0.823851 0.163226 0.012912
0.000010 0.831610 0.151301 0.017079
0.000010 0.829404 0.155954 0.014632
0.000010 0.808711 0.174993 0.016286
0.000010 0.814240 0.161350 0.024400
0.000010 0.682343 0.284170 0.033477
0.000010 0.713634 0.255807 0.030549
0.014257 0.681165 0.270800 0.033778
0.000010 0.701963 0.268354 0.029673
0.000010 0.710427 0.259566 0.029996
0.000010 0.712241 0.250941 0.036808
0.000010 0.694312 0.271788 0.033890
0.000010 0.710353 0.259166 0.030471
0.000010 0.697141 0.276579 0.026270
0.000010 0.692739 0.275363 0.031888
0.000010 0.697042 0.275754 0.027194
0.000010 0.718402 0.249231 0.032357
0.000010 0.710485 0.258649 0.030856
0.000010 0.701596 0.275019 0.023375
0.000010 0.675695 0.287547 0.036748
0.000010 0.709878 0.259650 0.030462
0.000010 0.694466 0.274577 0.030946
0.000010 0.707163 0.271771 0.021056
0.000010 0.721864 0.258544 0.019582
0.000010 0.718599 0.247255 0.034136
0.000010 0.711315 0.267694 0.020981
0.000010 0.704729 0.265573 0.029687
0.000010 0.702084 0.270541 0.027365
0.999970 0.000010 0.000010 0.000010
0.999970 0.000010 0.000010 0.000010
0.999970 0.000010 0.000010 0.000010
0.999970 0.000010 0.000010 0.000010
0.999970 0.000010 0.000010 0.000010
0.999970 0.000010 0.000010 0.000010
0.999970 0.000010 0.000010 0.000010
0.999970 0.000010 0.000010 0.000010
0.999970 0.000010 0.000010 0.000010
0.999970 0.000010 0.000010 0.000010
0.999970 0.000010 0.000010 0.000010
0.999970 0.000010 0.000010 0.000010
0.999970 0.000010 0.000010 0.000010
0.999970 0.000010 0.000010 0.000010
0.999970 0.000010 0.000010 0.000010
0.999970 0.000010 0.000010 0.000010
0.999970 0.000010 0.000010 0.000010
0.999970 0.000010 0.000010 0.000010
0.999970 0.000010 0.000010 0.000010
0.999970 0.000010 0.000010 0.000010
0.999970 0.000010 0.000010 0.000010
0.999970 0.000010 0.000010 0.000010
0.000010 0.999970 0.000010 0.000010
0.000010 0.999970 0.000010 0.000010
0.000010 0.992769 0.007211 0.000010
0.000010 0.992422 0.007558 0.000010
0.000010 0.999970 0.000010 0.000010
0.000010 0.999970 0.000010 0.000010
0.000010 0.999970 0.000010 0.000010
0.000010 0.999970 0.000010 0.000010
0.000010 0.999970 0.000010 0.000010
0.000010 0.999970 0.000010 0.000010
0.000010 0.999970 0.000010 0.000010
0.000010 0.999970 0.000010 0.000010
0.000010 0.995803 0.004177 0.000010
0.000010 0.999970 0.000010 0.000010
0.000010 0.984172 0.015808 0.000010
0.000010 0.991001 0.005201 0.003789
0.000010 0.986758 0.013222 0.000010
0.000010 0.999970 0.000010 0.000010
0.000010 0.998953 0.001027 0.000010
0.000010 0.992875 0.007105 0.000010
0.000010 0.993880 0.006100 0.000010
0.000010 0.990989 0.008991 0.000010
0.000010 0.999970 0.000010 0.000010
0.000010 0.999970 0.000010 0.000010
0.000010 0.992178 0.007802 0.000010
0.000010 0.000010 0.000010 0.999970
0.000010 0.000010 0.000010 0.999970
0.000010 0.000010 0.000010 0.999970
0.000010 0.000010 0.000010 0.999970
0.000010 0.000010 0.000010 0.999970
0.000010 0.000010 0.000010 0.999970
0.000010 0.000013 0.000010 0.999967
0.000010 0.000010 0.000010 0.999970
0.000010 0.000010 0.000010 0.999970
0.000010 0.000010 0.000010 0.999970
0.000010 0.000010 0.000010 0.999970
0.000010 0.000013 0.000010 0.999967
0.000010 0.000010 0.000010 0.999970
0.000010 0.000014 0.000010 0.999966
0.000010 0.999970 0.000010 0.000010
0.000010 0.999970 0.000010 0.000010
0.008468 0.991506 0.000016 0.000010
0.000010 0.999970 0.000010 0.000010
0.018529 0.981442 0.000019 0.000010
0.000010 0.998617 0.001363 0.000010
0.018393 0.981587 0.000010 0.000010
0.000010 0.999970 0.000010 0.000010
0.000010 0.999970 0.000010 0.000010
0.017330 0.973664 0.008996 0.000010
0.010875 0.989105 0.000010 0.000010
0.005795 0.994185 0.000010 0.000010
0.010028 0.989952 0.000010 0.000010
0.000010 0.999970 0.000010 0.000010
0.013375 0.986605 0.000010 0.000010
0.000010 0.999970 0.000010 0.000010
0.012180 0.987800 0.000010 0.000010
0.000010 0.999970 0.000010 0.000010
0.021839 0.967268 0.010883 0.000010
0.012352 0.981506 0.006132 0.000010
0.006691 0.983493 0.009806 0.000010
0.009650 0.986252 0.004088 0.000010
0.017092 0.982888 0.000010 0.000010
0.000010 0.999970 0.000010 0.000010
0.018481 0.981499 0.000010 0.000010
0.012349 0.987631 0.000010 0.000010
0.013306 0.986674 0.000010 0.000010
0.018870 0.976666 0.000010 0.004454
0.008848 0.991132 0.000010 0.000010
0.006096 0.993884 0.000010 0.000010
0.002045 0.997932 0.000013 0.000010
0.000010 0.999970 0.000010 0.000010
0.019336 0.980644 0.000010 0.000010
0.000010 0.999970 0.000010 0.000010
0.006491 0.991862 0.000010 0.001638
0.012587 0.985261 0.000010 0.002143
0.007950 0.990695 0.001344 0.000010
0.000010 0.999970 0.000010 0.000010
0.017122 0.982858 0.000010 0.000010
0.066968 0.933012 0.000010 0.000010
0.057242 0.942738 0.000010 0.000010
0.105837 0.894143 0.000010 0.000010
0.050874 0.949106 0.000010 0.000010
0.158614 0.841364 0.000013 0.000010
0.039840 0.960140 0.000010 0.000010
0.070909 0.907545 0.019609 0.001936
0.083834 0.916146 0.000010 0.000010
0.060963 0.936411 0.002616 0.000010
0.041202 0.958778 0.000010 0.000010
0.048903 0.951077 0.000010 0.000010
0.073817 0.926163 0.000010 0.000010
0.124299 0.875681 0.000010 0.000010
0.075752 0.917434 0.006804 0.000010
0.065998 0.933982 0.000010 0.000010
0.066229 0.933751 0.000010 0.000010
0.062392 0.929217 0.008381 0.000010
0.067160 0.925826 0.007004 0.000010
0.074575 0.909577 0.015838 0.000010
0.091994 0.907986 0.000010 0.000010
0.045954 0.954026 0.000010 0.000010
0.045091 0.954889 0.000010 0.000010
0.140150 0.859830 0.000010 0.000010
0.133314 0.866666 0.000010 0.000010
0.097683 0.899139 0.003167 0.000010
0.049536 0.950444 0.000010 0.000010
0.097101 0.897863 0.005026 0.000010
0.128706 0.871274 0.000010 0.000010
0.067245 0.932735 0.000010 0.000010
0.143493 0.856240 0.000257 0.000010
0.054673 0.945307 0.000010 0.000010
0.065013 0.934891 0.000086 0.000010
0.039698 0.960282 0.000010 0.000010
0.068305 0.924465 0.007220 0.000010
0.095568 0.895593 0.008828 0.000010
0.156778 0.843202 0.000010 0.000010
0.081510 0.918470 0.000010 0.000010
0.050341 0.949639 0.000010 0.000010
0.038932 0.961048 0.000010 0.000010
0.047467 0.952513 0.000010 0.000010
0.059567 0.940413 0.000010 0.000010
0.052875 0.947105 0.000010 0.000010
0.053993 0.934217 0.011780 0.000010
0.000010 0.000010 0.201828 0.798152
0.000010 0.000010 0.207091 0.792889
0.000010 0.000010 0.196686 0.803294
0.000010 0.000010 0.210135 0.789845
0.000010 0.000010 0.234912 0.765068
0.000010 0.000010 0.191520 0.808460
0.000010 0.000010 0.200633 0.799347
0.000010 0.999970 0.000010 0.000010
0.000010 0.999970 0.000010 0.000010
0.000010 0.999970 0.000010 0.000010
0.000010 0.999970 0.000010 0.000010
0.000010 0.999970 0.000010 0.000010
0.000010 0.999970 0.000010 0.000010
0.000010 0.999970 0.000010 0.000010
0.000010 0.999970 0.000010 0.000010
0.000010 0.999970 0.000010 0.000010
0.050883 0.946809 0.002298 0.000010
0.058907 0.940126 0.000957 0.000010
0.057182 0.942798 0.000010 0.000010
0.052418 0.944072 0.000010 0.003500
0.092642 0.907338 0.000010 0.000010
0.074424 0.922643 0.002922 0.000010
0.057184 0.935519 0.003652 0.003645
0.093885 0.906095 0.000010 0.000010
0.089478 0.910502 0.000010 0.000010
0.041881 0.958099 0.000010 0.000010
0.053399 0.946581 0.000010 0.000010
0.052423 0.947557 0.000010 0.000010
0.051474 0.948506 0.000010 0.000010
0.065991 0.928936 0.005062 0.000010
0.051425 0.946530 0.000010 0.002035
0.051749 0.948231 0.000010 0.000010
0.046531 0.953449 0.000010 0.000010
0.067924 0.932056 0.000010 0.000010
0.059220 0.940760 0.000010 0.000010
0.081404 0.908642 0.009944 0.000010
0.042088 0.957892 0.000010 0.000010
0.000010 0.013666 0.986314 0.000010
0.000010 0.024924 0.975056 0.000010
0.000010 0.010881 0.989099 0.000010
0.000010 0.094437 0.853458 0.052095
0.000010 0.048949 0.921168 0.029874
0.000010 0.111974 0.833649 0.054368
0.006326 0.043403 0.907160 0.043112
0.008270 0.067796 0.842430 0.081504
0.000010 0.058917 0.907606 0.033467
0.000010 0.089007 0.856465 0.054519
0.000010 0.082686 0.842598 0.074706
0.067176 0.921584 0.011230 0.000010
0.061926 0.938054 0.000010 0.000010
0.062459 0.937521 0.000010 0.000010
0.063884 0.936096 0.000010 0.000010
0.051718 0.948262 0.000010 0.000010
0.067458 0.932522 0.000010 0.000010
0.049549 0.948493 0.001948 0.000010
0.102117 0.897863 0.000010 0.000010
0.046564 0.953416 0.000010 0.000010
0.055910 0.944070 0.000010 0.000010
0.064766 0.935214 0.000010 0.000010
0.055416 0.944564 0.000010 0.000010
0.053273 0.946707 0.000010 0.000010
0.053608 0.946372 0.000010 0.000010
0.092458 0.895582 0.011950 0.000010
0.051159 0.946000 0.002830 0.000010
0.072387 0.927593 0.000010 0.000010
0.055787 0.932753 0.011450 0.000010
0.000010 0.000010 0.999970 0.000010
0.000010 0.000010 0.999970 0.000010
0.000010 0.000010 0.999970 0.000010
0.000010 0.000010 0.999970 0.000010
0.000010 0.000010 0.995223 0.004757
0.000010 0.000010 0.999970 0.000010
0.000010 0.000010 0.999970 0.000010
0.000010 0.000010 0.999970 0.000010
0.000010 0.000010 0.999970 0.000010
0.000010 0.000010 0.999970 0.000010
0.000010 0.000010 0.999970 0.000010
0.000010 0.000010 0.999970 0.000010
0.000010 0.000010 0.999970 0.000010
0.000010 0.000010 0.999970 0.000010
0.000010 0.000968 0.995267 0.003754
0.000010 0.000010 0.994909 0.005071
0.000010 0.000010 0.999970 0.000010
0.000010 0.000010 0.999970 0.000010
0.000010 0.000010 0.998697 0.001283
0.000010 0.000010 0.999970 0.000010
0.000011 0.000010 0.999969 0.000010
0.000010 0.000010 0.999970 0.000010
0.000010 0.000010 0.999970 0.000010
0.000010 0.000010 0.999970 0.000010
0.000010 0.000010 0.992716 0.007264
0.000012 0.000010 0.997819 0.002160
0.000010 0.000010 0.999970 0.000010
0.000010 0.000010 0.999970 0.000010
0.000010 0.000010 0.999970 0.000010
0.000010 0.000010 0.999970 0.000010
0.000010 0.000010 0.999970 0.000010
0.000010 0.000010 0.999970 0.000010
0.000010 0.000010 0.996009 0.003971
0.000010 0.000010 0.999970 0.000010
0.000010 0.000010 0.999970 0.000010
0.000010 0.000010 0.999970 0.000010
0.000010 0.000010 0.998821 0.001159
0.000010 0.000010 0.999970 0.000010
0.000010 0.000010 0.188160 0.811820
0.000010 0.000010 0.195714 0.804266
0.000010 0.000010 0.999970 0.000010
0.000010 0.000010 0.999970 0.000010
0.000010 0.993186 0.006794 0.000010
0.000010 0.984160 0.015820 0.000010
0.000010 0.987970 0.012010 0.000010
0.000010 0.998664 0.001316 0.000010
0.000010 0.990901 0.009079 0.000010
0.000010 0.986186 0.013794 0.000010
0.000010 0.992782 0.007198 0.000010
0.000010 0.989799 0.010181 0.000010
0.000010 0.998523 0.001457 0.000010
0.000010 0.999970 0.000010 0.000010
0.000010 0.999970 0.000010 0.000010
0.000010 0.996897 0.003083 0.000010
0.000010 0.999970 0.000010 0.000010
0.000010 0.000010 0.999970 0.000010
0.000010 0.000010 0.992866 0.007114
0.000010 0.000010 0.999970 0.000010
0.000010 0.000010 0.999970 0.000010
0.000010 0.000010 0.999970 0.000010
0.000010 0.000010 0.999970 0.000010
0.000010 0.000010 0.999970 0.000010
0.000010 0.000010 0.999970 0.000010
0.000010 0.000010 0.999853 0.000127
0.000010 0.000010 0.999970 0.000010
0.000010 0.000010 0.999970 0.000010
0.000010 0.000010 0.999134 0.000846
0.000010 0.000010 0.999970 0.000010
0.000010 0.000010 0.999970 0.000010
0.000010 0.000010 0.999970 0.000010
0.000010 0.000010 0.999970 0.000010
0.000010 0.000010 0.999970 0.000010
0.000010 0.000010 0.999970 0.000010
0.000010 0.000010 0.999970 0.000010
0.000010 0.000010 0.999970 0.000010
0.000010 0.130334 0.869646 0.000010
0.000010 0.059504 0.940476 0.000010
0.000010 0.094421 0.905559 0.000010
0.000010 0.058914 0.941066 0.000010
0.000010 0.106299 0.893681 0.000010
0.001518 0.107117 0.891355 0.000010
0.026212 0.203355 0.770423 0.000010
0.000010 0.152376 0.847604 0.000010
0.044592 0.103043 0.852355 0.000010
0.000010 0.098826 0.901154 0.000010
0.000010 0.091112 0.908868 0.000010
0.018024 0.176262 0.805704 0.000010
0.004748 0.226531 0.768711 0.000010
0.000010 0.111653 0.888327 0.000010
0.000010 0.114399 0.885581 0.000010
0.000010 0.087807 0.912173 0.000010
0.026155 0.112309 0.861526 0.000010
0.000010 0.166705 0.833275 0.000010
0.000010 0.898736 0.101244 0.000010
0.000010 0.905051 0.094929 0.000010
0.000010 0.884597 0.115383 0.000010
0.000010 0.893425 0.106555 0.000010
0.000010 0.920259 0.079721 0.000010
0.000010 0.903570 0.096410 0.000010
0.000010 0.914187 0.085793 0.000010
0.000010 0.902738 0.097242 0.000010
0.000010 0.893950 0.106030 0.000010
0.000010 0.882453 0.117527 0.000010
0.000010 0.883944 0.116036 0.000010
0.000010 0.868886 0.131094 0.000010
0.000010 0.880934 0.119046 0.000010
0.000010 0.868920 0.131060 0.000010
0.000010 0.878618 0.121362 0.000010
0.000010 0.895103 0.104877 0.000010
0.000010 0.871772 0.128208 0.000010
0.000010 0.887795 0.112185 0.000010
0.000010 0.915394 0.084586 0.000010
0.000010 0.892397 0.107583 0.000010
0.000010 0.898305 0.101675 0.000010
0.000010 0.898931 0.101049 0.000010
0.970909 0.027698 0.001383 0.000010
0.958092 0.041888 0.000010 0.000010
0.951645 0.045040 0.003305 0.000010
0.958736 0.036158 0.001599 0.003506
0.962790 0.036795 0.000405 0.000010
0.958074 0.041475 0.000441 0.000010
0.949350 0.037519 0.013122 0.000010
0.969461 0.028087 0.002442 0.000010
0.960354 0.039626 0.000010 0.000010
0.944391 0.055586 0.000012 0.000010
0.945853 0.034976 0.019162 0.000010
0.985373 0.014607 0.000010 0.000010
0.977855 0.019682 0.002453 0.000010
0.979850 0.020130 0.000010 0.000010
0.993269 0.006711 0.000010 0.000010
0.982964 0.017016 0.000010 0.000010
0.988409 0.001921 0.009659 0.000010
0.979183 0.009191 0.011616 0.000010
0.973028 0.000010 0.026952 0.000010
0.985759 0.003539 0.008278 0.002424
0.985889 0.000010 0.014091 0.000010
0.980459 0.019521 0.000010 0.000010
0.986736 0.013244 0.000010 0.000010
0.989252 0.009966 0.000772 0.000010
0.989347 0.008607 0.002036 0.000010
0.978263 0.008804 0.012923 0.000010
0.975407 0.007829 0.016753 0.000010
0.995267 0.000010 0.004713 0.000010
0.996759 0.000010 0.003221 0.000010
0.983385 0.013837 0.002769 0.000010
0.977373 0.022607 0.000010 0.000010
0.986379 0.013601 0.000010 0.000010
0.000010 0.102905 0.897075 0.000010
0.000010 0.108955 0.891025 0.000010
0.000010 0.129262 0.870718 0.000010
0.000010 0.157708 0.842272 0.000010
0.000010 0.179186 0.820794 0.000010
0.000010 0.093241 0.906739 0.000010
0.000010 0.109846 0.890134 0.000010
0.000010 0.095970 0.904010 0.000010
0.000010 0.096199 0.903781 0.000010
0.000010 0.101299 0.898681 0.000010
0.000010 0.150475 0.849505 0.000010
0.000010 0.083367 0.916613 0.000010
0.000010 0.113834 0.886146 0.000010
0.000010 0.099048 0.900932 0.000010
0.000010 0.098819 0.901161 0.000010
0.000010 0.135192 0.864788 0.000010
0.000010 0.103125 0.896855 0.000010
0.000010 0.132675 0.867305 0.000010
0.000010 0.104111 0.895869 0.000010
0.000010 0.158264 0.841716 0.000010
0.000010 0.022398 0.977582 0.000010
0.000010 0.000010 0.999970 0.000010
0.000010 0.000010 0.999970 0.000010
0.000010 0.000010 0.999970 0.000010
0.000010 0.000010 0.999970 0.000010
0.000010 0.000010 0.999970 0.000010
0.000010 0.000010 0.999970 0.000010
0.000010 0.000010 0.999970 0.000010
0.999964 0.000010 0.000016 0.000010
0.999970 0.000010 0.000010 0.000010
0.999970 0.000010 0.000010 0.000010
0.999970 0.000010 0.000010 0.000010
0.999970 0.000010 0.000010 0.000010
0.999962 0.000018 0.000010 0.000010
0.999970 0.000010 0.000010 0.000010
0.999970 0.000010 0.000010 0.000010
0.999877 0.000103 0.000010 0.000010
0.000010 0.000010 0.999970 0.000010
0.000010 0.000010 0.999970 0.000010
0.000010 0.000010 0.999970 0.000010
0.000010 0.000010 0.999970 0.000010
0.000010 0.000010 0.999970 0.000010
0.000010 0.000014 0.999966 0.000010
0.000010 0.000010 0.999970 0.000010
0.000010 0.000010 0.999970 0.000010
0.000010 0.000010 0.999970 0.000010
0.000010 0.000010 0.999970 0.000010
0.000010 0.000010 0.999970 0.000010
0.000010 0.000010 0.999970 0.000010
0.000011 0.000010 0.999969 0.000010
0.000010 0.000010 0.999970 0.000010
0.000010 0.000010 0.999970 0.000010
0.000010 0.000010 0.203920 0.796060
0.974941 0.020085 0.004964 0.000010
0.999970 0.000010 0.000010 0.000010
0.975912 0.009269 0.014809 0.000010
0.999970 0.000010 0.000010 0.000010
0.985309 0.014671 0.000010 0.000010
0.992254 0.007474 0.000261 0.000010
0.985494 0.014485 0.000011 0.000010
0.999970 0.000010 0.000010 0.000010
0.000010 0.068786 0.931194 0.000010
0.000010 0.037812 0.962168 0.000010
0.000010 0.006851 0.993129 0.000010
0.000010 0.024015 0.975965 0.000010
0.000010 0.026351 0.973629 0.000010
0.000010 0.084191 0.915789 0.000010
0.000010 0.062347 0.937633 0.000010
0.000010 0.023338 0.976642 0.000010
0.000010 0.094917 0.905063 0.000010
0.000010 0.020357 0.979623 0.000010
0.000010 0.031551 0.968429 0.000010
0.000010 0.106779 0.893201 0.000010
0.000010 0.052443 0.947537 0.000010
0.000010 0.078759 0.921221 0.000010
0.000010 0.999970 0.000010 0.000010
0.000010 0.999970 0.000010 0.000010
0.000010 0.999970 0.000010 0.000010
0.000010 0.999970 0.000010 0.000010
0.000010 0.999970 0.000010 0.000010
0.000010 0.999970 0.000010 0.000010
0.000010 0.999970 0.000010 0.000010
0.000010 0.999970 0.000010 0.000010
0.000010 0.999970 0.000010 0.000010
0.000010 0.999970 0.000010 0.000010
0.000010 0.999970 0.000010 0.000010
0.000010 0.999970 0.000010 0.000010
0.000010 0.999970 0.000010 0.000010
0.000010 0.999970 0.000010 0.000010
0.000010 0.999970 0.000010 0.000010
0.000010 0.999970 0.000010 0.000010
0.000010 0.999970 0.000010 0.000010
0.000010 0.999970 0.000010 0.000010
0.999970 0.000010 0.000010 0.000010
0.999970 0.000010 0.000010 0.000010
0.999970 0.000010 0.000010 0.000010
0.999970 0.000010 0.000010 0.000010
0.000010 0.000010 0.999970 0.000010
0.000010 0.000010 0.999970 0.000010
0.000010 0.000010 0.999970 0.000010
0.000010 0.000010 0.997287 0.002693
0.000010 0.000010 0.997593 0.002387
0.000010 0.000010 0.998246 0.001734
0.000010 0.000010 0.999970 0.000010
0.000010 0.000010 0.999970 0.000010
0.000010 0.000010 0.999970 0.000010
0.000010 0.000010 0.999970 0.000010
0.000010 0.999970 0.000010 0.000010
0.000010 0.999970 0.000010 0.000010
0.000010 0.999970 0.000010 0.000010
0.000010 0.999970 0.000010 0.000010
0.000010 0.999970 0.000010 0.000010
0.000010 0.999970 0.000010 0.000010
0.000010 0.999970 0.000010 0.000010
0.000010 0.999970 0.000010 0.000010
0.000010 0.999970 0.000010 0.000010
0.000010 0.999970 0.000010 0.000010
0.000010 0.999970 0.000010 0.000010
0.000010 0.999970 0.000010 0.000010
0.000010 0.999970 0.000010 0.000010
0.000010 0.999970 0.000010 0.000010
0.000010 0.999970 0.000010 0.000010
0.000010 0.999970 0.000010 0.000010
0.000010 0.999970 0.000010 0.000010
0.000010 0.999970 0.000010 0.000010
0.000010 0.999970 0.000010 0.000010
0.000010 0.999970 0.000010 0.000010
0.000010 0.000657 0.993595 0.005737
0.000010 0.000010 0.992594 0.007386
0.000010 0.000010 0.985971 0.014009
0.000010 0.000010 0.994727 0.005253
0.000010 0.000010 0.990569 0.009411
0.000010 0.000010 0.993430 0.006550
0.000011 0.000010 0.991634 0.008345
0.000010 0.000010 0.992737 0.007243
0.000010 0.000010 0.999970 0.000010
0.000012 0.000010 0.990139 0.009839
0.000010 0.000010 0.995079 0.004901
0.000010 0.000010 0.996660 0.003320
0.000010 0.000010 0.998206 0.001774
0.000010 0.000010 0.999970 0.000010
0.000010 0.000010 0.999970 0.000010
0.000010 0.000010 0.999970 0.000010
0.000010 0.000010 0.999970 0.000010
0.000010 0.000010 0.999970 0.000010
0.000010 0.000010 0.999970 0.000010
0.000010 0.000010 0.991339 0.008641
0.959922 0.040058 0.000010 0.000010
0.961574 0.035138 0.003279 0.000010
0.966203 0.025571 0.008216 0.000010
0.000010 0.015048 0.984932 0.000010
0.000010 0.010323 0.989657 0.000010
0.000010 0.026362 0.973618 0.000010
0.000010 0.018266 0.981714 0.000010
0.000010 0.028334 0.971646 0.000010
0.000010 0.014953 0.985027 0.000010
0.000010 0.006568 0.993412 0.000010
0.000010 0.019190 0.980790 0.000010
0.000010 0.044552 0.955428 0.000010
0.000010 0.021908 0.978072 0.000010
0.000010 0.048069 0.951911 0.000010
0.000010 0.039823 0.960157 0.000010
0.000010 0.014265 0.985715 0.000010
0.000010 0.036385 0.963595 0.000010
0.000010 0.025254 0.974726 0.000010
0.000010 0.017067 0.982913 0.000010
0.000010 0.020946 0.979034 0.000010
0.000010 0.025313 0.974667 0.000010
0.000010 0.044365 0.955615 0.000010
0.000010 0.028277 0.971703 0.000010
0.000010 0.048695 0.951285 0.000010
0.000010 0.035740 0.964240 0.000010
0.000010 0.026103 0.973877 0.000010
0.000010 0.036816 0.963164 0.000010
0.000010 0.000010 0.999970 0.000010
0.000010 0.012887 0.987093 0.000010
0.000010 0.002927 0.997053 0.000010
0.000010 0.032676 0.965170 0.002144
0.000010 0.008735 0.991245 0.000010
0.000010 0.008016 0.991964 0.000010
0.000010 0.000010 0.999970 0.000010
0.000010 0.007299 0.992681 0.000010
0.000010 0.035423 0.964557 0.000010
0.000010 0.024040 0.975940 0.000010
0.000010 0.000860 0.999120 0.000010
0.000010 0.055975 0.944005 0.000010
0.000010 0.008260 0.991720 0.000010
0.000010 0.037229 0.962751 0.000010
0.000010 0.025137 0.974843 0.000010
0.196547 0.803433 0.000010 0.000010
0.192796 0.807184 0.000010 0.000010
0.184008 0.815972 0.000010 0.000010
0.216570 0.783410 0.000010 0.000010
0.242970 0.757010 0.000010 0.000010
0.194977 0.805003 0.000010 0.000010
0.216839 0.783141 0.000010 0.000010
0.217874 0.782106 0.000010 0.000010
0.155352 0.844628 0.000010 0.000010
0.191583 0.808397 0.000010 0.000010
0.191185 0.808795 0.000010 0.000010
0.205195 0.794785 0.000010 0.000010
0.186481 0.813499 0.000010 0.000010
0.266035 0.733945 0.000010 0.000010
0.195562 0.804418 0.000010 0.000010
0.218703 0.781277 0.000010 0.000010
0.208561 0.791419 0.000010 0.000010
0.195464 0.804516 0.000010 0.000010
0.194978 0.805002 0.000010 0.000010
0.205476 0.794504 0.000010 0.000010
0.185690 0.814290 0.000010 0.000010
0.953472 0.046508 0.000010 0.000010
0.966717 0.024175 0.009098 0.000010
0.956373 0.040252 0.000010 0.003365
0.000010 0.000010 0.999970 0.000010
0.000010 0.000010 0.997657 0.002323
0.000010 0.000010 0.999970 0.000010
0.000010 0.000010 0.995789 0.004191
0.000010 0.000010 0.999970 0.000010
0.000010 0.000010 0.999970 0.000010
0.000010 0.020810 0.979170 0.000010
0.000010 0.000010 0.999970 0.000010
0.000010 0.000010 0.999970 0.000010
0.000010 0.016295 0.978373 0.005323
0.000010 0.491163 0.497799 0.011027
0.000010 0.524688 0.469983 0.005318
0.000010 0.449476 0.550504 0.000010
0.000010 0.482540 0.517440 0.000010
0.000010 0.440945 0.554321 0.004724
0.000010 0.337549 0.657543 0.004899
0.000010 0.503430 0.496550 0.000010
0.000010 0.395576 0.604404 0.000010
0.000010 0.403387 0.596593 0.000010
0.000010 0.447849 0.545608 0.006533
0.000010 0.000010 0.978252 0.021728
0.000010 0.000010 0.982607 0.017373
0.000010 0.000010 0.983478 0.016502
0.000010 0.000010 0.984226 0.015754
0.000010 0.000010 0.989778 0.010202
0.000010 0.000010 0.990328 0.009652
0.000010 0.000010 0.982515 0.017465
0.000010 0.000010 0.997720 0.002260
0.000010 0.000010 0.977172 0.022808
0.000010 0.000010 0.985075 0.014905
0.000010 0.000010 0.990177 0.009803
0.000010 0.000010 0.979337 0.020643
0.000010 0.000010 0.974576 0.025404
0.000010 0.000010 0.980291 0.019689
0.000010 0.000010 0.976656 0.023324
0.000010 0.000010 0.988085 0.011895
0.000010 0.000010 0.981425 0.018555
0.000010 0.000010 0.982192 0.017788
0.000010 0.000010 0.999970 0.000010
0.000010 0.000010 0.999970 0.000010
0.000010 0.000010 0.999970 0.000010
0.000010 0.000010 0.999970 0.000010
0.000010 0.000010 0.999970 0.000010
0.000010 0.000010 0.999970 0.000010
0.000011 0.000010 0.999969 0.000010
0.000010 0.000010 0.999970 0.000010
0.000010 0.000010 0.999970 0.000010
0.000016 0.000010 0.997124 0.002850
0.000010 0.000010 0.989165 0.010815
0.000010 0.000010 0.994193 0.005787
0.000010 0.000010 0.992990 0.006990
0.000010 0.000010 0.989385 0.010595
0.000010 0.000010 0.991730 0.008250
0.000010 0.000010 0.991031 0.008949
0.000010 0.000010 0.996427 0.003553
0.000010 0.000010 0.990515 0.009465
0.000010 0.000010 0.987635 0.012345
0.000010 0.044004 0.949223 0.006763
0.000010 0.075564 0.917609 0.006817
0.000010 0.034097 0.964138 0.001754
0.000010 0.075074 0.916658 0.008258
0.000010 0.054900 0.945080 0.000010
0.000010 0.046761 0.953219 0.000010
0.000010 0.068627 0.931353 0.000010
0.000010 0.040353 0.959627 0.000010
0.000010 0.050275 0.949705 0.000010
0.000010 0.069185 0.924245 0.006560
0.000010 0.999970 0.000010 0.000010
0.000010 0.999970 0.000010 0.000010
0.000010 0.999970 0.000010 0.000010
0.000010 0.999970 0.000010 0.000010
0.000010 0.999970 0.000010 0.000010
0.000010 0.999970 0.000010 0.000010
0.000010 0.999970 0.000010 0.000010
0.000010 0.999970 0.000010 0.000010
0.000010 0.999970 0.000010 0.000010
0.000010 0.999970 0.000010 0.000010
0.000010 0.999970 0.000010 0.000010
0.000010 0.999970 0.000010 0.000010
0.000010 0.999970 0.000010 0.000010
0.000010 0.999970 0.000010 0.000010
0.000010 0.999970 0.000010 0.000010
0.000010 0.999970 0.000010 0.000010
0.000010 0.999970 0.000010 0.000010
0.000010 0.999970 0.000010 0.000010
0.000010 0.999970 0.000010 0.000010
0.000010 0.999970 0.000010 0.000010
0.000010 0.917986 0.081994 0.000010
0.000010 0.965453 0.034527 0.000010
0.000010 0.953716 0.046264 0.000010
0.000010 0.922085 0.077895 0.000010
0.000010 0.951463 0.048517 0.000010
0.000010 0.945427 0.054553 0.000010
0.000010 0.901898 0.098082 0.000010
0.000010 0.908367 0.091613 0.000010
0.000010 0.959337 0.040643 0.000010
0.000010 0.943447 0.056533 0.000010
0.000010 0.929709 0.070271 0.000010
0.000010 0.933927 0.066053 0.000010
0.000010 0.945451 0.054529 0.000010
0.000010 0.951837 0.048143 0.000010
0.000010 0.896076 0.103904 0.000010
0.956384 0.029448 0.014158 0.000010
0.931886 0.051040 0.017064 0.000010
0.938718 0.052651 0.008620 0.000010
0.935916 0.053891 0.010183 0.000010
0.928444 0.058168 0.013377 0.000010
0.950128 0.044318 0.005544 0.000010
0.985954 0.014026 0.000010 0.000010
0.992462 0.003079 0.004448 0.000010
0.986195 0.010828 0.002968 0.000010
0.986919 0.003680 0.009391 0.000010
0.987295 0.012685 0.000010 0.000010
0.999970 0.000010 0.000010 0.000010
0.986376 0.013604 0.000010 0.000010
0.994652 0.005320 0.000018 0.000010
0.978516 0.019899 0.001574 0.000010
0.985854 0.000016 0.014120 0.000010
0.974925 0.020767 0.004297 0.000010
0.981856 0.015202 0.002933 0.000010
0.982363 0.007474 0.010153 0.000010
0.990319 0.009661 0.000010 0.000010
0.987236 0.012743 0.000010 0.000010
0.983278 0.014222 0.002490 0.000010
0.988295 0.011685 0.000010 0.000010
0.993911 0.002746 0.003332 0.000010
0.979305 0.008622 0.012064 0.000010
0.984055 0.015925 0.000010 0.000010
0.993389 0.003062 0.003538 0.000010
0.983354 0.011526 0.005109 0.000010
0.989262 0.010718 0.000010 0.000010
0.981155 0.016767 0.002068 0.000010
0.985937 0.007455 0.006598 0.000010
0.982376 0.005648 0.011966 0.000010
0.984342 0.012567 0.003081 0.000010
0.984810 0.003835 0.011345 0.000010
0.981647 0.008654 0.009689 0.000010
0.986094 0.010677 0.003219 0.000010
0.990826 0.009154 0.000010 0.000010
0.982268 0.000833 0.016888 0.000010
0.985449 0.014531 0.000010 0.000010
0.989733 0.010247 0.000010 0.000010
0.991000 0.001809 0.007181 0.000010
0.983779 0.016201 0.000010 0.000010
0.982406 0.017574 0.000010 0.000010
0.982541 0.012838 0.004611 0.000010
0.989589 0.010391 0.000010 0.000010
0.987430 0.012550 0.000010 0.000010
0.982712 0.004033 0.013245 0.000010
0.986304 0.000010 0.013676 0.000010
0.993705 0.000010 0.006275 0.000010
0.989823 0.008286 0.001881 0.000010
0.989101 0.001248 0.009641 0.000010
0.987812 0.011927 0.000251 0.000010
0.989819 0.002659 0.007512 0.000010
0.977054 0.012011 0.010925 0.000010
0.996861 0.000056 0.003074 0.000010
0.000010 0.912433 0.087547 0.000010
0.000010 0.027394 0.972586 0.000010
0.000010 0.009314 0.990666 0.000010
0.000010 0.013406 0.986574 0.000010
0.000010 0.000010 0.999970 0.000010
0.009194 0.196978 0.758501 0.035327
0.046910 0.035045 0.918035 0.000010
0.083732 0.000010 0.916248 0.000010
0.007145 0.053840 0.939005 0.000010
0.000010 0.063632 0.936348 0.000010
0.041580 0.000010 0.958400 0.000010
0.000010 0.025082 0.974898 0.000010
0.057271 0.006301 0.904384 0.032044
0.047876 0.000010 0.952104 0.000010
0.000010 0.047101 0.952879 0.000010
0.000010 0.085756 0.857178 0.057056
0.000010 0.058338 0.935680 0.005972
0.000010 0.060301 0.725389 0.214299
0.000010 0.000010 0.999970 0.000010
0.090624 0.043989 0.865377 0.000010
