0.000010 0.901232 0.088674 0.000010 0.000010 0.000011 0.000010 0.000010 0.000010 0.010022
0.000010 0.931979 0.061290 0.000010 0.000010 0.000010 0.000010 0.006661 0.000010 0.000010
0.000010 0.928726 0.061712 0.000010 0.000010 0.000010 0.000010 0.000010 0.000010 0.009492
0.000010 0.941641 0.058279 0.000010 0.000010 0.000010 0.000010 0.000010 0.000010 0.000010
0.000010 0.906846 0.091500 0.000010 0.000010 0.000010 0.000010 0.001583 0.000010 0.000010
0.000010 0.890167 0.109753 0.000010 0.000010 0.000010 0.000010 0.000010 0.000010 0.000010
0.000010 0.912858 0.087062 0.000010 0.000010 0.000010 0.000010 0.000010 0.000010 0.000010
0.025966 0.817237 0.066269 0.000010 0.000010 0.000010 0.017987 0.072491 0.000010 0.000010
0.000010 0.893382 0.092952 0.000010 0.013595 0.000010 0.000010 0.000010 0.000010 0.000010
0.000010 0.899597 0.100323 0.000010 0.000010 0.000010 0.000010 0.000010 0.000010 0.000010
0.000010 0.928042 0.071878 0.000010 0.000010 0.000010 0.000010 0.000010 0.000010 0.000010
0.000010 0.896249 0.103671 0.000010 0.000010 0.000010 0.000010 0.000010 0.000010 0.000010
0.000010 0.908603 0.080723 0.000010 0.000010 0.000010 0.000013 0.010601 0.000010 0.000010
0.000010 0.916355 0.083555 0.000010 0.000010 0.000010 0.000010 0.000010 0.000019 0.000010
0.005822 0.928048 0.066059 0.000010 0.000010 0.000010 0.000010 0.000010 0.000010 0.000010
0.000010 0.916572 0.073678 0.000010 0.000010 0.000010 0.000661 0.009029 0.000010 0.000010
0.032981 0.870294 0.068209 0.000010 0.018469 0.000010 0.000010 0.000010 0.009997 0.000010
0.000010 0.851799 0.118262 0.000010 0.021611 0.000010 0.000010 0.008268 0.000010 0.000010
0.000010 0.913548 0.086372 0.000010 0.000010 0.000010 0.000010 0.000010 0.000010 0.000010
0.000010 0.790011 0.132203 0.000010 0.041748 0.000010 0.000010 0.035978 0.000010 0.000010
0.000010 0.907631 0.068242 0.000010 0.000010 0.000010 0.000010 0.024057 0.000010 0.000010
0.000010 0.922878 0.075596 0.000010 0.000010 0.000010 0.000010 0.001456 0.000010 0.000010
0.000010 0.889279 0.079681 0.000010 0.000010 0.000010 0.000010 0.030969 0.000010 0.000010
0.053691 0.893468 0.031364 0.000010 0.000010 0.000010 0.000010 0.021417 0.000010 0.000010
0.000010 0.961453 0.019982 0.000010 0.000010 0.000010 0.000010 0.018495 0.000010 0.000010
0.000010 0.854775 0.145145 0.000010 0.000010 0.000010 0.000010 0.000010 0.000010 0.000010
0.000010 0.863729 0.136185 0.000010 0.000010 0.000010 0.000010 0.000016 0.000010 0.000010
0.000010 0.932703 0.067207 0.000010 0.000010 0.000016 0.000010 0.000014 0.000010 0.000010
0.051551 0.817197 0.067507 0.000010 0.000010 0.000010 0.000010 0.061401 0.000010 0.002294
0.000010 0.901225 0.083286 0.000010 0.000010 0.000010 0.000010 0.014104 0.000010 0.001326
0.000010 0.896619 0.103301 0.000010 0.000010 0.000010 0.000010 0.000010 0.000010 0.000010
0.000010 0.816976 0.117253 0.000010 0.037802 0.000010 0.000010 0.027909 0.000010 0.000010
0.000010 0.870670 0.107002 0.000010 0.000010 0.000010 0.000010 0.022258 0.000010 0.000010
0.000010 0.857961 0.036294 0.000010 0.000010 0.000010 0.000010 0.105676 0.000010 0.000010
0.000010 0.928696 0.071224 0.000010 0.000010 0.000010 0.000010 0.000010 0.000010 0.000010
0.000010 0.881504 0.118416 0.000010 0.000010 0.000010 0.000010 0.000010 0.000010 0.000010
0.028615 0.914743 0.056572 0.000010 0.000010 0.000010 0.000010 0.000010 0.000010 0.000010
0.000010 0.925152 0.059335 0.000010 0.000010 0.000010 0.000013 0.000010 0.008949 0.006501
0.013601 0.863042 0.102598 0.000010 0.000010 0.000010 0.000010 0.020698 0.000010 0.000010
0.003932 0.923138 0.072859 0.000010 0.000010 0.000010 0.000010 0.000010 0.000011 0.000010
0.022820 0.860470 0.084739 0.000010 0.021118 0.000010 0.000019 0.010794 0.000010 0.000010
0.476906 0.307531 0.000010 0.000010 0.000010 0.000010 0.000010 0.176104 0.000010 0.039399
0.474592 0.341308 0.000010 0.000010 0.000010 0.000010 0.031489 0.148484 0.000010 0.004078
0.431366 0.379366 0.000010 0.000010 0.000010 0.000010 0.022358 0.163039 0.000010 0.003821
0.453605 0.381079 0.000010 0.000010 0.000010 0.000010 0.023857 0.138138 0.000010 0.003270
0.423459 0.392275 0.000010 0.000010 0.000010 0.000010 0.028917 0.155081 0.000010 0.000218
0.467272 0.329823 0.000010 0.000010 0.000010 0.000010 0.008521 0.167351 0.000010 0.026984
0.478660 0.328105 0.000010 0.000010 0.000010 0.000010 0.023683 0.156468 0.000010 0.013034
0.437549 0.376769 0.000010 0.000010 0.000010 0.000010 0.018814 0.160971 0.000010 0.005847
0.443438 0.364765 0.000010 0.000010 0.000010 0.000010 0.023825 0.164787 0.000010 0.003135
0.485601 0.392083 0.000010 0.000010 0.000010 0.000010 0.003600 0.112444 0.000010 0.006222
0.469208 0.406718 0.000010 0.000010 0.000010 0.000010 0.015350 0.108664 0.000010 0.000010
0.422959 0.376291 0.000010 0.000010 0.000010 0.000010 0.031054 0.157198 0.000010 0.012448
0.478864 0.352706 0.008011 0.000010 0.000010 0.000010 0.020327 0.131583 0.000010 0.008469
0.460948 0.288742 0.012393 0.000010 0.000010 0.000010 0.046177 0.191689 0.000010 0.000010
0.000010 0.819665 0.180255 0.000010 0.000010 0.000010 0.000010 0.000010 0.000010 0.000010
0.000010 0.874502 0.124438 0.000010 0.000010 0.000010 0.000010 0.000990 0.000010 0.000010
0.000010 0.796738 0.154023 0.000010 0.049169 0.000010 0.000010 0.000010 0.000010 0.000010
0.000010 0.873151 0.123728 0.000010 0.000010 0.000010 0.000010 0.003051 0.000010 0.000010
0.000010 0.843269 0.134885 0.000010 0.015453 0.000010 0.006332 0.000010 0.000010 0.000010
0.000010 0.862562 0.136418 0.000010 0.000950 0.000010 0.000010 0.000010 0.000010 0.000010
0.012635 0.794821 0.124401 0.000010 0.050103 0.000010 0.000010 0.017991 0.000010 0.000010
0.000010 0.822137 0.111107 0.000010 0.041346 0.000010 0.000010 0.025350 0.000010 0.000010
0.000010 0.842382 0.145183 0.000010 0.012365 0.000010 0.000010 0.000010 0.000010 0.000010
0.000010 0.817878 0.143173 0.000010 0.024081 0.000010 0.000010 0.014808 0.000010 0.000010
0.000010 0.817297 0.161736 0.000010 0.001674 0.000010 0.000010 0.019233 0.000010 0.000010
0.000010 0.828525 0.139147 0.000010 0.032258 0.000010 0.000010 0.000010 0.000010 0.000010
0.000010 0.795794 0.156623 0.000010 0.031131 0.000010 0.000010 0.016392 0.000010 0.000010
0.000010 0.746525 0.165611 0.000010 0.064502 0.000010 0.000010 0.023302 0.000010 0.000010
0.000010 0.819594 0.171075 0.000010 0.007583 0.000010 0.000010 0.000010 0.000010 0.001688
0.000010 0.802472 0.168781 0.000010 0.000010 0.000010 0.000010 0.028677 0.000010 0.000010
0.000010 0.810506 0.168492 0.000010 0.020922 0.000010 0.000010 0.000015 0.000016 0.000010
0.000010 0.903241 0.096674 0.000010 0.000010 0.000015 0.000010 0.000010 0.000010 0.000010
0.000010 0.866674 0.127193 0.000010 0.000010 0.000010 0.000010 0.006063 0.000010 0.000010
0.000010 0.836281 0.142923 0.000010 0.020725 0.000011 0.000010 0.000010 0.000010 0.000010
0.068229 0.917010 0.008477 0.000010 0.000010 0.000010 0.006224 0.000010 0.000010 0.000010
0.060251 0.938440 0.000010 0.000010 0.000010 0.000010 0.000010 0.000010 0.000010 0.001239
0.055370 0.877010 0.000010 0.000010 0.000010 0.000010 0.002296 0.053204 0.000575 0.011505
0.024630 0.955202 0.000010 0.000010 0.000010 0.000010 0.012283 0.000010 0.007825 0.000010
0.050517 0.934228 0.000010 0.000010 0.000010 0.000010 0.000010 0.005911 0.000010 0.009284
0.040325 0.918849 0.000010 0.000010 0.000010 0.000010 0.000010 0.029545 0.000010 0.011221
0.049244 0.841273 0.000010 0.000010 0.000010 0.000010 0.003464 0.092566 0.000010 0.013403
0.058650 0.879769 0.024961 0.000010 0.000010 0.000010 0.010356 0.000010 0.013566 0.012659
0.059188 0.870478 0.000010 0.000010 0.000010 0.000010 0.000010 0.057482 0.001189 0.011613
0.055297 0.845282 0.011503 0.000010 0.000010 0.005451 0.000010 0.067118 0.000010 0.015309
0.056112 0.887572 0.000010 0.000010 0.000010 0.004001 0.000838 0.046687 0.004542 0.000218
0.087486 0.832585 0.013719 0.000010 0.000010 0.000010 0.004593 0.041626 0.014158 0.005803
0.060032 0.875697 0.000017 0.000010 0.000010 0.009234 0.009155 0.037516 0.002663 0.005665
0.061281 0.831070 0.015450 0.000010 0.000010 0.000010 0.000010 0.059079 0.009729 0.023352
0.041826 0.793164 0.000010 0.000010 0.000010 0.007606 0.006612 0.142688 0.000010 0.008064
0.069502 0.790234 0.002510 0.000010 0.000010 0.000010 0.006520 0.124055 0.000010 0.007139
0.046324 0.786832 0.000010 0.000010 0.000010 0.000010 0.000010 0.161331 0.000010 0.005453
0.043097 0.818839 0.007665 0.000010 0.000010 0.000010 0.000010 0.097513 0.016804 0.016042
0.035937 0.786621 0.000010 0.000010 0.000010 0.000010 0.014702 0.153745 0.006172 0.002783
0.066142 0.779553 0.019900 0.000010 0.000010 0.000010 0.008688 0.125666 0.000010 0.000010
0.058194 0.832311 0.000010 0.000010 0.000010 0.000010 0.000010 0.097151 0.000010 0.012284
0.064399 0.838577 0.000010 0.000010 0.000010 0.000010 0.000010 0.081596 0.000010 0.015367
0.030366 0.826360 0.001416 0.000010 0.000010 0.000010 0.000010 0.126293 0.000010 0.015514
0.022572 0.815462 0.014318 0.000010 0.000010 0.000010 0.000010 0.127412 0.000010 0.020187
0.069613 0.737653 0.039671 0.000010 0.000010 0.004130 0.003983 0.128759 0.000010 0.016160
0.067589 0.853675 0.000010 0.000010 0.000010 0.005836 0.000010 0.064872 0.000010 0.007978
0.043656 0.805748 0.000010 0.000010 0.000010 0.000010 0.004949 0.145586 0.000010 0.000010
0.066387 0.862217 0.000010 0.000010 0.000010 0.015088 0.003686 0.046525 0.000010 0.006058
0.043927 0.823407 0.000010 0.000010 0.000010 0.000010 0.000010 0.122740 0.000010 0.009866
0.069600 0.790585 0.000010 0.000010 0.000010 0.000010 0.000010 0.137382 0.000010 0.002374
0.048963 0.831698 0.000010 0.000010 0.000010 0.000010 0.018612 0.093118 0.000010 0.007558
0.000010 0.999910 0.000010 0.000010 0.000010 0.000010 0.000010 0.000010 0.000010 0.000010
0.000010 0.999910 0.000010 0.000010 0.000010 0.000010 0.000010 0.000010 0.000010 0.000010
0.000010 0.999910 0.000010 0.000010 0.000010 0.000010 0.000010 0.000010 0.000010 0.000010
0.000010 0.982169 0.000010 0.000010 0.000010 0.000010 0.000010 0.000010 0.000010 0.017751
0.000010 0.999910 0.000010 0.000010 0.000010 0.000010 0.000010 0.000010 0.000010 0.000010
0.000010 0.999910 0.000010 0.000010 0.000010 0.000010 0.000010 0.000010 0.000010 0.000010
0.000010 0.991169 0.000010 0.000010 0.000010 0.000010 0.004154 0.000010 0.000010 0.004607
0.000010 0.992881 0.000010 0.000010 0.000010 0.000010 0.000010 0.000010 0.000010 0.007039
0.000010 0.988556 0.000010 0.000010 0.000010 0.000010 0.011364 0.000010 0.000010 0.000010
0.000010 0.991256 0.000010 0.000010 0.000010 0.000010 0.000010 0.000010 0.000010 0.008664
0.000010 0.999910 0.000010 0.000010 0.000010 0.000010 0.000010 0.000010 0.000010 0.000010
0.000010 0.999273 0.000010 0.000010 0.000010 0.000010 0.000010 0.000010 0.000010 0.000647
0.000010 0.999910 0.000010 0.000010 0.000010 0.000010 0.000010 0.000010 0.000010 0.000010
0.000010 0.988127 0.000010 0.000010 0.000010 0.000010 0.000010 0.000010 0.000010 0.011793
0.000010 0.995794 0.000010 0.000010 0.000010 0.000010 0.000010 0.000010 0.000010 0.004126
0.000010 0.998534 0.000010 0.000010 0.000010 0.000010 0.001386 0.000010 0.000010 0.000010
0.000010 0.994343 0.000010 0.000010 0.000010 0.000010 0.000010 0.000010 0.000010 0.005577
0.149026 0.749480 0.000010 0.000010 0.000010 0.000010 0.002601 0.068074 0.010311 0.020467
0.137271 0.750640 0.000010 0.000010 0.000010 0.000010 0.008072 0.095484 0.001181 0.007312
0.135577 0.814379 0.000010 0.000010 0.000010 0.005654 0.014610 0.029729 0.000010 0.000010
0.143074 0.818054 0.000010 0.000010 0.000010 0.000010 0.000010 0.032174 0.000010 0.006638
0.134428 0.819886 0.000010 0.000010 0.000010 0.000010 0.013392 0.031354 0.000010 0.000889
0.118987 0.799754 0.000010 0.000010 0.000010 0.000010 0.007795 0.048875 0.012751 0.011797
0.140736 0.825055 0.000010 0.000010 0.000010 0.000010 0.014008 0.017537 0.000010 0.002614
0.143589 0.798763 0.000010 0.000010 0.000010 0.000699 0.000010 0.054150 0.000010 0.002750
0.145649 0.751472 0.000010 0.000010 0.000010 0.000010 0.005451 0.076527 0.000010 0.020850
0.137356 0.835774 0.000010 0.000010 0.000010 0.000010 0.001861 0.010075 0.003769 0.011126
0.147866 0.782294 0.000010 0.000010 0.000010 0.000010 0.001403 0.052815 0.000010 0.015571
0.127674 0.855669 0.000010 0.000010 0.000010 0.000010 0.000010 0.016444 0.000010 0.000152
0.130797 0.835120 0.000010 0.000010 0.000010 0.000010 0.000010 0.025517 0.000010 0.008506
0.146168 0.783281 0.000010 0.000010 0.000010 0.000010 0.008446 0.054097 0.000010 0.007957
0.155065 0.793408 0.000010 0.000010 0.000010 0.005272 0.000010 0.026556 0.000010 0.019649
0.140285 0.770852 0.000010 0.000010 0.000010 0.000010 0.016981 0.071823 0.000010 0.000010
0.145945 0.792287 0.000010 0.000010 0.000010 0.000010 0.019023 0.042684 0.000010 0.000010
0.141007 0.794280 0.000010 0.000010 0.000010 0.000010 0.002867 0.054455 0.000010 0.007341
0.134775 0.792974 0.000010 0.000010 0.000010 0.000018 0.000010 0.068539 0.000010 0.003644
0.116087 0.832598 0.000010 0.000010 0.000010 0.000010 0.003359 0.036657 0.001236 0.010024
0.124976 0.833595 0.000010 0.000010 0.000010 0.000018 0.000010 0.025728 0.000010 0.015633
0.125485 0.805081 0.000010 0.000010 0.000010 0.000010 0.003699 0.037375 0.001901 0.026420
0.133671 0.791112 0.000010 0.000010 0.000010 0.000010 0.013747 0.053388 0.000010 0.008031
0.000010 0.000010 0.000010 0.999910 0.000010 0.000010 0.000010 0.000010 0.000010 0.000010
0.000010 0.000010 0.000010 0.652239 0.347681 0.000010 0.000010 0.000010 0.000010 0.000010
0.000010 0.000010 0.000010 0.682237 0.317683 0.000010 0.000010 0.000010 0.000010 0.000010
0.000010 0.000010 0.000010 0.643339 0.356581 0.000010 0.000010 0.000010 0.000010 0.000010
0.000010 0.000010 0.000010 0.635943 0.363977 0.000010 0.000010 0.000010 0.000010 0.000010
0.000010 0.000010 0.000010 0.665341 0.334579 0.000010 0.000010 0.000010 0.000010 0.000010
0.000010 0.000010 0.000010 0.625934 0.373986 0.000010 0.000010 0.000010 0.000010 0.000010
0.000010 0.000010 0.000010 0.696234 0.303686 0.000010 0.000010 0.000010 0.000010 0.000010
0.000010 0.000010 0.000010 0.999910 0.000010 0.000010 0.000010 0.000010 0.000010 0.000010
0.000010 0.000010 0.000010 0.999910 0.000010 0.000010 0.000010 0.000010 0.000010 0.000010
0.000010 0.000010 0.000010 0.662416 0.337504 0.000010 0.000010 0.000010 0.000010 0.000010
0.000010 0.000010 0.000010 0.688210 0.311710 0.000010 0.000010 0.000010 0.000010 0.000010
0.000010 0.000010 0.000010 0.667206 0.332714 0.000010 0.000010 0.000010 0.000010 0.000010
0.000010 0.000010 0.000010 0.999910 0.000010 0.000010 0.000010 0.000010 0.000010 0.000010
0.000010 0.000010 0.000010 0.647633 0.352287 0.000010 0.000010 0.000010 0.000010 0.000010
0.000010 0.000010 0.000010 0.658868 0.341052 0.000010 0.000010 0.000010 0.000010 0.000010
0.000010 0.000010 0.000010 0.626984 0.372936 0.000010 0.000010 0.000010 0.000010 0.000010
0.000010 0.000010 0.000010 0.633592 0.366328 0.000010 0.000010 0.000010 0.000010 0.000010
0.000010 0.000010 0.000010 0.999910 0.000010 0.000010 0.000010 0.000010 0.000010 0.000010
0.000010 0.000010 0.000010 0.628520 0.371400 0.000010 0.000010 0.000010 0.000010 0.000010
0.000010 0.000010 0.000010 0.973767 0.014621 0.000010 0.000010 0.000010 0.000010 0.011542
0.000010 0.000010 0.000010 0.999910 0.000010 0.000010 0.000010 0.000010 0.000010 0.000010
0.000010 0.147391 0.000010 0.000010 0.000010 0.000010 0.000010 0.852529 0.000010 0.000010
0.000010 0.123034 0.009071 0.000010 0.000010 0.000010 0.000010 0.865756 0.000010 0.002079
0.000010 0.124580 0.042387 0.000010 0.000010 0.000010 0.007073 0.821773 0.000010 0.004136
0.000010 0.116374 0.000010 0.000010 0.000010 0.000010 0.000999 0.873729 0.000010 0.008839
0.000010 0.113229 0.000010 0.000010 0.000010 0.000010 0.000010 0.886691 0.000010 0.000010
0.000010 0.154256 0.011430 0.000010 0.000010 0.000010 0.000010 0.833773 0.000010 0.000482
0.000010 0.117118 0.024898 0.000010 0.000010 0.000010 0.000010 0.849744 0.000010 0.008179
0.000010 0.115062 0.000010 0.000010 0.000010 0.000010 0.000010 0.884858 0.000010 0.000010
0.000010 0.150017 0.000010 0.000010 0.000010 0.000010 0.003871 0.846042 0.000010 0.000010
0.000010 0.155624 0.000010 0.000010 0.000010 0.000010 0.000010 0.843272 0.000010 0.001034
0.000010 0.101863 0.000010 0.000010 0.000010 0.000010 0.000010 0.884774 0.000010 0.013292
0.000010 0.088426 0.020532 0.000010 0.000010 0.000010 0.000010 0.884486 0.000010 0.006496
0.000010 0.118197 0.018688 0.000010 0.000010 0.000010 0.002809 0.852882 0.000010 0.007374
0.000010 0.116201 0.000010 0.000010 0.000010 0.000010 0.000010 0.874769 0.000010 0.008960
0.000010 0.129647 0.000010 0.000010 0.000010 0.000010 0.003679 0.856160 0.000010 0.010454
0.000010 0.144345 0.000010 0.000010 0.000010 0.002010 0.005712 0.847169 0.000010 0.000714
0.000010 0.105653 0.003137 0.000010 0.000010 0.000010 0.000010 0.881618 0.000010 0.009533
0.000010 0.017490 0.000010 0.000010 0.000010 0.000010 0.000010 0.982430 0.000010 0.000010
0.000010 0.154585 0.000010 0.000010 0.000010 0.000010 0.000010 0.840745 0.000010 0.004600
0.000010 0.101008 0.005718 0.000010 0.000010 0.000010 0.000010 0.881767 0.000010 0.011448
0.000010 0.122287 0.000010 0.000010 0.000010 0.000010 0.000010 0.866011 0.000010 0.011632
0.005555 0.051865 0.085790 0.000010 0.000010 0.000010 0.006416 0.850324 0.000010 0.000010
0.000010 0.090895 0.040620 0.000010 0.000010 0.000010 0.000010 0.861982 0.000010 0.006443
0.000010 0.128970 0.008790 0.000010 0.000010 0.000010 0.000010 0.862170 0.000010 0.000010
0.000010 0.080624 0.000010 0.000010 0.000010 0.000010 0.000010 0.906003 0.000010 0.013303
0.000010 0.000010 0.000010 0.000010 0.000010 0.999910 0.000010 0.000010 0.000010 0.000010
0.000010 0.000010 0.000010 0.000010 0.000010 0.999910 0.000010 0.000010 0.000010 0.000010
0.000010 0.000010 0.000010 0.000010 0.000010 0.999910 0.000010 0.000010 0.000010 0.000010
0.000010 0.000010 0.000010 0.000010 0.000010 0.999910 0.000010 0.000010 0.000010 0.000010
0.000010 0.000010 0.000010 0.000010 0.000010 0.999910 0.000010 0.000010 0.000010 0.000010
0.000010 0.000010 0.000010 0.000010 0.000010 0.999910 0.000010 0.000010 0.000010 0.000010
0.000010 0.000010 0.000010 0.000010 0.000010 0.999910 0.000010 0.000010 0.000010 0.000010
0.000010 0.000010 0.000010 0.000010 0.000010 0.999910 0.000010 0.000010 0.000010 0.000010
0.000010 0.000010 0.000010 0.000010 0.000010 0.999910 0.000010 0.000010 0.000010 0.000010
0.000010 0.000010 0.000010 0.000010 0.000010 0.999910 0.000010 0.000010 0.000010 0.000010
0.000010 0.000010 0.000010 0.000010 0.000010 0.999910 0.000010 0.000010 0.000010 0.000010
0.000010 0.000010 0.000010 0.000010 0.000010 0.999910 0.000010 0.000010 0.000010 0.000010
0.000010 0.000010 0.000010 0.000010 0.000010 0.999910 0.000010 0.000010 0.000010 0.000010
0.000010 0.000010 0.000010 0.000010 0.000010 0.999910 0.000010 0.000010 0.000010 0.000010
0.000010 0.177878 0.565260 0.000010 0.000010 0.000010 0.000010 0.256792 0.000010 0.000010
0.000010 0.204547 0.572878 0.000010 0.000010 0.000010 0.000010 0.222505 0.000010 0.000010
0.000010 0.185032 0.542286 0.000010 0.000010 0.000010 0.000010 0.272612 0.000010 0.000010
0.000010 0.206526 0.566849 0.000010 0.000010 0.000010 0.000010 0.226555 0.000010 0.000010
0.000010 0.190925 0.507333 0.000010 0.000010 0.000010 0.000010 0.301673 0.000010 0.000010
0.000010 0.203492 0.533404 0.000010 0.000010 0.000010 0.000010 0.263034 0.000010 0.000010
0.000010 0.197804 0.521101 0.000010 0.000010 0.000010 0.000010 0.281026 0.000010 0.000010
0.000010 0.202874 0.533052 0.000010 0.000010 0.000010 0.000010 0.264003 0.000010 0.000010
0.000010 0.181302 0.555051 0.000010 0.000010 0.000010 0.000010 0.263577 0.000010 0.000010
0.000010 0.214445 0.502198 0.000010 0.000010 0.000010 0.000010 0.283287 0.000010 0.000010
0.000010 0.182636 0.614416 0.000010 0.000010 0.000010 0.000010 0.202878 0.000010 0.000010
0.000010 0.205273 0.557599 0.000010 0.000010 0.000010 0.000010 0.237059 0.000010 0.000010
0.000010 0.189270 0.501847 0.000010 0.000010 0.000010 0.000010 0.308813 0.000010 0.000010
0.000010 0.218342 0.497696 0.000010 0.000010 0.000010 0.000010 0.283892 0.000010 0.000010
0.000010 0.232873 0.550665 0.000010 0.000010 0.000010 0.000010 0.216393 0.000010 0.000010
0.000010 0.213573 0.525329 0.000010 0.000010 0.000010 0.000010 0.261029 0.000010 0.000010
0.000010 0.199113 0.559247 0.000010 0.000010 0.000010 0.000010 0.241570 0.000010 0.000010
0.000010 0.184014 0.549369 0.000010 0.000010 0.000010 0.000010 0.266547 0.000010 0.000010
0.000010 0.178205 0.570059 0.000010 0.000010 0.000010 0.000010 0.250173 0.000010 0.001502
0.000010 0.196933 0.536669 0.000010 0.000010 0.000010 0.000010 0.266328 0.000010 0.000010
0.000010 0.180968 0.516345 0.000010 0.000010 0.000010 0.000010 0.301338 0.000010 0.001289
0.000010 0.224271 0.487952 0.000010 0.000010 0.000010 0.000010 0.287707 0.000010 0.000010
0.000010 0.214744 0.502043 0.000010 0.000010 0.000010 0.000010 0.283143 0.000010 0.000010
0.000010 0.193865 0.564189 0.000010 0.000010 0.000010 0.000010 0.241876 0.000010 0.000010
0.000010 0.223996 0.514515 0.000010 0.000010 0.000010 0.000010 0.261419 0.000010 0.000010
0.000010 0.201930 0.536485 0.000010 0.000010 0.000010 0.000010 0.261515 0.000010 0.000010
0.000010 0.222410 0.447236 0.000010 0.000010 0.000010 0.000010 0.330284 0.000010 0.000010
0.000010 0.202548 0.615796 0.000010 0.000010 0.000010 0.000010 0.181586 0.000010 0.000010
0.000010 0.208097 0.518226 0.000010 0.000010 0.000010 0.000010 0.273607 0.000010 0.000010
0.000010 0.187760 0.561653 0.000010 0.000010 0.000010 0.000010 0.250517 0.000010 0.000010
0.000010 0.249250 0.490557 0.000010 0.000010 0.000010 0.000010 0.260123 0.000010 0.000010
0.000010 0.227015 0.499234 0.000010 0.000010 0.000010 0.000010 0.273680 0.000010 0.000010
0.000010 0.217009 0.527547 0.000010 0.000010 0.000010 0.000010 0.255374 0.000010 0.000010
0.000010 0.241881 0.497309 0.000010 0.000010 0.000010 0.000010 0.260740 0.000010 0.000010
0.000010 0.245563 0.470476 0.000010 0.000010 0.000010 0.000010 0.283890 0.000010 0.000010
0.000010 0.197118 0.528138 0.000010 0.000010 0.000010 0.000010 0.274673 0.000010 0.000010
0.000010 0.216745 0.456470 0.000010 0.000010 0.000010 0.000010 0.326715 0.000010 0.000010
0.000010 0.207897 0.566497 0.000010 0.000010 0.000010 0.000010 0.225536 0.000010 0.000010
0.000010 0.193142 0.519086 0.000010 0.000010 0.000010 0.000010 0.287702 0.000010 0.000010
0.000010 0.000010 0.999910 0.000010 0.000010 0.000010 0.000010 0.000010 0.000010 0.000010
0.000010 0.089529 0.850502 0.000010 0.000010 0.000010 0.000010 0.059899 0.000010 0.000010
0.000010 0.157643 0.554552 0.000010 0.075377 0.000010 0.000010 0.212368 0.000010 0.000010
0.000010 0.000010 0.998863 0.000010 0.000010 0.000010 0.000010 0.000010 0.000010 0.001057
0.000010 0.128122 0.520419 0.000010 0.134958 0.000010 0.000010 0.216441 0.000010 0.000010
0.000010 0.000010 0.999910 0.000010 0.000010 0.000010 0.000010 0.000010 0.000010 0.000010
0.000010 0.206229 0.540739 0.000010 0.040667 0.000010 0.000010 0.199140 0.000010 0.013174
0.000010 0.188553 0.629827 0.000010 0.044338 0.000010 0.000010 0.137222 0.000010 0.000010
0.000010 0.188837 0.662228 0.000010 0.010498 0.000010 0.006035 0.132352 0.000010 0.000010
0.000010 0.000010 0.999910 0.000010 0.000010 0.000010 0.000010 0.000010 0.000010 0.000010
0.000010 0.000010 0.999910 0.000010 0.000010 0.000010 0.000010 0.000010 0.000010 0.000010
0.000010 0.170416 0.586858 0.000010 0.036159 0.000010 0.000010 0.206506 0.000010 0.000010
0.000010 0.143029 0.577091 0.000010 0.094061 0.000010 0.001169 0.184600 0.000010 0.000010
0.000969 0.150800 0.679905 0.000010 0.029672 0.000010 0.000010 0.131444 0.000010 0.007169
0.000010 0.000010 0.999910 0.000010 0.000010 0.000010 0.000010 0.000010 0.000010 0.000010
0.000010 0.010628 0.989292 0.000010 0.000010 0.000010 0.000010 0.000010 0.000010 0.000010
0.000010 0.189823 0.613606 0.000010 0.020846 0.000010 0.000774 0.172173 0.000010 0.002738
0.000010 0.203643 0.632076 0.000010 0.021495 0.000010 0.000010 0.141754 0.000010 0.000982
0.000897 0.198275 0.662227 0.000010 0.023511 0.000010 0.007121 0.104364 0.003574 0.000010
0.000010 0.185934 0.566236 0.000010 0.056264 0.000010 0.000010 0.191506 0.000010 0.000010
0.000010 0.000010 0.999910 0.000010 0.000010 0.000010 0.000010 0.000010 0.000010 0.000010
0.000010 0.000010 0.999910 0.000010 0.000010 0.000010 0.000010 0.000010 0.000010 0.000010
0.000010 0.149436 0.575440 0.000010 0.106665 0.000010 0.000010 0.168399 0.000010 0.000010
0.000010 0.146319 0.573881 0.000010 0.103053 0.000010 0.000010 0.176686 0.000010 0.000010
0.000010 0.159856 0.558870 0.000010 0.065671 0.000010 0.000010 0.207553 0.000010 0.007999
0.000010 0.025902 0.973399 0.000010 0.000010 0.000010 0.000010 0.000010 0.000010 0.000629
0.000017 0.141344 0.604492 0.000010 0.063821 0.000010 0.000010 0.185946 0.000010 0.004340
0.000010 0.113775 0.596964 0.000010 0.096430 0.000010 0.006486 0.183930 0.000010 0.002375
0.000010 0.087016 0.781683 0.000010 0.010135 0.000010 0.000010 0.119184 0.000010 0.001933
0.000010 0.130857 0.555429 0.000010 0.114446 0.000010 0.000010 0.196627 0.000010 0.002591
0.000010 0.039536 0.960384 0.000010 0.000010 0.000010 0.000010 0.000010 0.000010 0.000010
0.000010 0.193513 0.691414 0.000010 0.008461 0.000010 0.000010 0.106552 0.000010 0.000010
0.000010 0.000010 0.992039 0.000010 0.000010 0.000010 0.007881 0.000010 0.000010 0.000010
0.000711 0.178888 0.612989 0.000010 0.027935 0.000010 0.004480 0.174958 0.000010 0.000010
0.000010 0.189302 0.520652 0.000010 0.069770 0.000010 0.000970 0.219256 0.000010 0.000010
0.000010 0.109048 0.582247 0.000010 0.125536 0.000010 0.002552 0.177982 0.000010 0.002596
0.000010 0.140903 0.629619 0.000010 0.044929 0.000010 0.001080 0.183420 0.000010 0.000010
0.000010 0.000010 0.994943 0.000010 0.000010 0.000010 0.004977 0.000010 0.000010 0.000010
0.000010 0.000010 0.999910 0.000010 0.000010 0.000010 0.000010 0.000010 0.000010 0.000010
0.000010 0.000010 0.993110 0.000010 0.000010 0.000010 0.003227 0.000010 0.000010 0.003593
0.000010 0.003622 0.992997 0.000010 0.000010 0.000010 0.000010 0.000010 0.000010 0.003311
0.000010 0.000010 0.999910 0.000010 0.000010 0.000010 0.000010 0.000010 0.000010 0.000010
0.000010 0.257611 0.509126 0.000010 0.026530 0.000010 0.000010 0.202754 0.000010 0.003929
0.000010 0.000010 0.000010 0.000010 0.000010 0.000010 0.000010 0.000010 0.999910 0.000010
0.000010 0.000010 0.000010 0.000010 0.000010 0.000010 0.000010 0.000010 0.999910 0.000010
0.000010 0.000010 0.000010 0.000010 0.000010 0.000010 0.000010 0.000010 0.999910 0.000010
0.000010 0.000010 0.000010 0.000010 0.000010 0.000010 0.000010 0.000010 0.999910 0.000010
0.000010 0.000010 0.000010 0.000010 0.000010 0.000010 0.000010 0.000010 0.999910 0.000010
0.000010 0.000010 0.000010 0.000010 0.000010 0.000010 0.000010 0.000010 0.999910 0.000010
0.000010 0.000010 0.000010 0.000010 0.000010 0.000010 0.000010 0.000010 0.999910 0.000010
0.000010 0.000010 0.173429 0.000010 0.000010 0.000010 0.000010 0.826491 0.000010 0.000010
0.000010 0.000010 0.149723 0.000010 0.000010 0.000010 0.000010 0.850197 0.000010 0.000010
0.000010 0.000010 0.141752 0.000010 0.000010 0.000010 0.000010 0.858168 0.000010 0.000010
0.000010 0.000010 0.167425 0.000010 0.000010 0.000010 0.000010 0.832495 0.000010 0.000010
0.000010 0.000010 0.147063 0.000010 0.000010 0.000010 0.000010 0.852857 0.000010 0.000010
0.000010 0.000010 0.107892 0.000010 0.000010 0.000010 0.000010 0.892028 0.000010 0.000010
0.000010 0.000010 0.160295 0.000010 0.000010 0.000010 0.000010 0.839625 0.000010 0.000010
0.000010 0.000010 0.178839 0.000010 0.000010 0.000010 0.000010 0.821081 0.000010 0.000010
0.000010 0.000010 0.134001 0.000010 0.000010 0.000010 0.000010 0.865919 0.000010 0.000010
0.000010 0.172443 0.663469 0.000010 0.000010 0.000010 0.000010 0.157422 0.000010 0.006606
0.000010 0.223777 0.609650 0.000010 0.017055 0.000010 0.000010 0.149457 0.000010 0.000010
0.000010 0.197344 0.682195 0.000010 0.000010 0.000010 0.000010 0.120391 0.000010 0.000010
0.000010 0.182160 0.610697 0.000010 0.006819 0.000010 0.000010 0.195238 0.005036 0.000010
0.000010 0.205858 0.573304 0.000010 0.057255 0.000010 0.000551 0.162982 0.000010 0.000010
0.000010 0.186654 0.613302 0.000010 0.036776 0.000010 0.000010 0.163208 0.000010 0.000010
0.000010 0.206795 0.585203 0.000010 0.016268 0.000010 0.000010 0.191159 0.000525 0.000010
0.000010 0.141497 0.621664 0.000010 0.056325 0.000010 0.000010 0.179148 0.000010 0.001315
0.000010 0.148767 0.551768 0.000010 0.060098 0.000010 0.000752 0.238566 0.000010 0.000010
0.000010 0.190634 0.610814 0.000010 0.000010 0.000010 0.000010 0.198204 0.000010 0.000288
0.000010 0.199515 0.547724 0.000010 0.021166 0.000010 0.000010 0.231534 0.000010 0.000010
0.000010 0.173851 0.617958 0.000010 0.005336 0.000010 0.000010 0.202794 0.000010 0.000010
0.000010 0.179395 0.656004 0.000010 0.000010 0.000010 0.000010 0.164531 0.000010 0.000010
0.000010 0.185982 0.587402 0.000010 0.027784 0.000010 0.000010 0.192956 0.000010 0.005825
0.000010 0.194824 0.622550 0.000010 0.000010 0.000011 0.000010 0.182554 0.000010 0.000010
0.000010 0.191052 0.593164 0.000010 0.008193 0.000010 0.000010 0.207531 0.000010 0.000010
0.000010 0.175777 0.654874 0.000010 0.000010 0.000010 0.000010 0.169279 0.000010 0.000010
0.000010 0.191813 0.513924 0.000010 0.040527 0.000010 0.000010 0.253676 0.000010 0.000010
0.000010 0.205714 0.568482 0.000010 0.018759 0.000010 0.000010 0.206986 0.000010 0.000010
0.004611 0.165405 0.574737 0.000010 0.048105 0.000010 0.000010 0.207092 0.000010 0.000010
0.000010 0.000010 0.999910 0.000010 0.000010 0.000010 0.000010 0.000010 0.000010 0.000010
0.000010 0.000010 0.000010 0.000010 0.000010 0.000010 0.466626 0.000010 0.000010 0.533294
0.000010 0.000010 0.000010 0.000010 0.000010 0.000010 0.483053 0.000010 0.000010 0.516867
0.000014 0.000010 0.000010 0.000010 0.000010 0.000010 0.478643 0.000010 0.000010 0.521273
0.835423 0.125208 0.000010 0.000010 0.000010 0.011235 0.000010 0.000010 0.028074 0.000010
0.909114 0.072841 0.000010 0.000010 0.000010 0.000010 0.000010 0.000010 0.017975 0.000010
0.805288 0.153836 0.000010 0.000010 0.000010 0.008727 0.000010 0.000010 0.032088 0.000010
0.890524 0.078628 0.000010 0.000010 0.000010 0.000676 0.000010 0.000010 0.030113 0.000010
0.807099 0.102478 0.000010 0.000010 0.000010 0.000010 0.000010 0.000010 0.090353 0.000010
0.885727 0.086111 0.000010 0.000010 0.000010 0.000010 0.000010 0.000010 0.025821 0.002281
0.836754 0.126158 0.000010 0.000010 0.000010 0.002730 0.000010 0.000010 0.034298 0.000010
0.831428 0.120129 0.000010 0.000010 0.000010 0.015816 0.000010 0.000010 0.032567 0.000010
0.000013 0.215594 0.510958 0.000010 0.041038 0.000010 0.000010 0.232347 0.000010 0.000010
0.000010 0.217685 0.654232 0.000010 0.007191 0.000010 0.000010 0.120832 0.000010 0.000010
0.000010 0.187352 0.635449 0.000010 0.013544 0.000010 0.000010 0.163595 0.000010 0.000010
0.000010 0.232386 0.588560 0.000010 0.025206 0.000010 0.000010 0.153789 0.000010 0.000010
0.000010 0.215751 0.605735 0.000010 0.004306 0.000010 0.000010 0.174148 0.000010 0.000010
0.000010 0.194200 0.611966 0.000010 0.024054 0.000010 0.000010 0.169720 0.000010 0.000010
0.000010 0.216082 0.576038 0.000010 0.009224 0.000010 0.000010 0.198597 0.000010 0.000010
0.000010 0.138245 0.628268 0.000010 0.063244 0.000010 0.000010 0.170183 0.000010 0.000010
0.000010 0.159639 0.678937 0.000010 0.000010 0.000010 0.000010 0.157237 0.000010 0.004126
0.000011 0.168148 0.686658 0.000010 0.000010 0.000010 0.000010 0.145123 0.000010 0.000010
0.000010 0.222165 0.549785 0.000010 0.032067 0.000010 0.000010 0.195923 0.000010 0.000010
0.000010 0.185782 0.631041 0.000010 0.010558 0.000010 0.000010 0.171803 0.000010 0.000766
0.000010 0.183410 0.554776 0.000010 0.021468 0.000010 0.000010 0.240286 0.000010 0.000010
0.000010 0.169289 0.691372 0.000010 0.000010 0.000010 0.000010 0.139269 0.000010 0.000010
0.001939 0.174140 0.587428 0.000010 0.057632 0.000010 0.000010 0.173725 0.000010 0.005096
0.000010 0.206288 0.625625 0.000010 0.003601 0.000010 0.000010 0.159144 0.000010 0.005292
0.000010 0.201545 0.468924 0.000010 0.050284 0.000010 0.000010 0.279187 0.000010 0.000010
0.004529 0.191668 0.553435 0.000010 0.026873 0.000010 0.000010 0.223445 0.000010 0.000010
0.998306 0.000010 0.000010 0.000010 0.000010 0.000010 0.000010 0.000010 0.000010 0.001614
0.999615 0.000010 0.000010 0.000010 0.000010 0.000010 0.000012 0.000010 0.000010 0.000303
0.994347 0.000010 0.000010 0.000010 0.000010 0.000010 0.000010 0.000010 0.000010 0.005573
0.986807 0.000010 0.000010 0.000010 0.000010 0.000010 0.004190 0.000010 0.000010 0.008933
0.991140 0.000010 0.000010 0.000010 0.000010 0.000010 0.000010 0.000010 0.000010 0.008780
0.994430 0.000010 0.000010 0.000010 0.000010 0.000010 0.000010 0.000010 0.000010 0.005490
0.992454 0.000010 0.000010 0.000010 0.000010 0.000010 0.007466 0.000010 0.000010 0.000010
0.990700 0.000010 0.000010 0.000010 0.000010 0.000010 0.000010 0.000010 0.000010 0.009220
0.983913 0.000010 0.000010 0.000010 0.000010 0.000010 0.008822 0.000010 0.000010 0.007194
0.971593 0.000010 0.000010 0.000010 0.000010 0.000010 0.000010 0.000010 0.000010 0.028326
0.985250 0.000010 0.000010 0.000010 0.000010 0.000010 0.009967 0.000010 0.000010 0.004713
0.991120 0.000010 0.000010 0.000010 0.000010 0.000010 0.008800 0.000010 0.000010 0.000010
0.990677 0.000010 0.000010 0.000010 0.000010 0.000010 0.009243 0.000010 0.000010 0.000010
0.989423 0.000010 0.000010 0.000010 0.000010 0.000010 0.000010 0.000010 0.000010 0.010497
0.979569 0.000010 0.000010 0.000010 0.000010 0.000010 0.003941 0.006928 0.000010 0.009502
0.983439 0.000010 0.000010 0.000010 0.000010 0.000010 0.016481 0.000010 0.000010 0.000010
0.999910 0.000010 0.000010 0.000010 0.000010 0.000010 0.000010 0.000010 0.000010 0.000010
0.996396 0.000010 0.000010 0.000010 0.000010 0.000010 0.000010 0.000010 0.000010 0.003524
0.992542 0.000010 0.000010 0.000010 0.000010 0.000010 0.000010 0.000010 0.000010 0.007378
0.986837 0.000010 0.000010 0.000010 0.000010 0.000010 0.000010 0.000010 0.000010 0.013083
0.984582 0.000010 0.000010 0.000010 0.000010 0.000010 0.002411 0.000010 0.000010 0.012937
0.991961 0.000010 0.000010 0.000010 0.000010 0.000010 0.000010 0.000010 0.000010 0.007959
0.992260 0.000010 0.000010 0.000010 0.000010 0.000010 0.003693 0.000010 0.000010 0.003977
0.977888 0.000010 0.000010 0.000010 0.000010 0.000010 0.001077 0.000010 0.000010 0.020965
0.990498 0.000010 0.000010 0.000010 0.000010 0.000010 0.000010 0.000010 0.000010 0.009422
0.991653 0.000010 0.000010 0.000010 0.000010 0.000010 0.000010 0.000010 0.000010 0.008267
0.999910 0.000010 0.000010 0.000010 0.000010 0.000010 0.000010 0.000010 0.000010 0.000010
0.999909 0.000010 0.000010 0.000010 0.000010 0.000010 0.000011 0.000010 0.000010 0.000010
0.999910 0.000010 0.000010 0.000010 0.000010 0.000010 0.000010 0.000010 0.000010 0.000010
0.992665 0.000010 0.000010 0.000010 0.000010 0.000010 0.002930 0.000010 0.000010 0.004335
0.995701 0.000010 0.000010 0.000010 0.000010 0.000010 0.000010 0.000010 0.000010 0.004219
0.996368 0.000010 0.000010 0.000010 0.000010 0.000010 0.000010 0.000010 0.000010 0.003552
0.999910 0.000010 0.000010 0.000010 0.000010 0.000010 0.000010 0.000010 0.000010 0.000010
0.999910 0.000010 0.000010 0.000010 0.000010 0.000010 0.000010 0.000010 0.000010 0.000010
0.999910 0.000010 0.000010 0.000010 0.000010 0.000010 0.000010 0.000010 0.000010 0.000010
0.999910 0.000010 0.000010 0.000010 0.000010 0.000010 0.000010 0.000010 0.000010 0.000010
0.999910 0.000010 0.000010 0.000010 0.000010 0.000010 0.000010 0.000010 0.000010 0.000010
0.999910 0.000010 0.000010 0.000010 0.000010 0.000010 0.000010 0.000010 0.000010 0.000010
0.000010 0.000010 0.000010 0.000010 0.000010 0.000010 0.000010 0.000010 0.999910 0.000010
0.000010 0.000010 0.000010 0.000010 0.000010 0.000010 0.000010 0.000010 0.999910 0.000010
0.990917 0.000010 0.000010 0.000010 0.000010 0.000010 0.005278 0.000010 0.000010 0.003735
0.989175 0.000010 0.000010 0.000010 0.000010 0.000010 0.000010 0.000010 0.000010 0.010745
0.000010 0.113263 0.000010 0.000010 0.000010 0.000010 0.009961 0.869072 0.000010 0.007645
0.000010 0.107317 0.000010 0.000010 0.000010 0.000010 0.015101 0.871263 0.000010 0.006259
0.000010 0.109441 0.000010 0.000010 0.000010 0.000010 0.006573 0.873544 0.000010 0.010382
0.000010 0.151922 0.000010 0.000010 0.000010 0.000010 0.000010 0.840256 0.000010 0.007752
0.000010 0.093545 0.000010 0.000010 0.000010 0.000010 0.015758 0.883579 0.000010 0.007058
0.000010 0.124350 0.000010 0.000010 0.000010 0.000010 0.005638 0.858818 0.000010 0.011135
0.000010 0.118855 0.000010 0.000010 0.000010 0.000010 0.000010 0.866669 0.000010 0.014406
0.000010 0.137616 0.000010 0.000010 0.000010 0.000010 0.011789 0.849499 0.000010 0.001036
0.000010 0.109793 0.000010 0.000010 0.000010 0.000010 0.008954 0.881183 0.000010 0.000010
0.000010 0.105345 0.000010 0.000010 0.000010 0.000010 0.000010 0.892801 0.000010 0.001784
0.000010 0.152643 0.000010 0.000010 0.000010 0.000010 0.000010 0.847277 0.000010 0.000010
0.000010 0.085071 0.000010 0.000010 0.000010 0.000010 0.002756 0.897067 0.000010 0.015046
0.000010 0.113382 0.000010 0.000010 0.000010 0.000010 0.006056 0.880492 0.000010 0.000010
0.999910 0.000010 0.000010 0.000010 0.000010 0.000010 0.000010 0.000010 0.000010 0.000010
0.994257 0.000010 0.000010 0.000010 0.000010 0.000010 0.000010 0.000010 0.005663 0.000010
0.999910 0.000010 0.000010 0.000010 0.000010 0.000010 0.000010 0.000010 0.000010 0.000010
0.995894 0.000010 0.000010 0.000010 0.000010 0.000010 0.000012 0.000010 0.000010 0.004024
0.999910 0.000010 0.000010 0.000010 0.000010 0.000010 0.000010 0.000010 0.000010 0.000010
0.999910 0.000010 0.000010 0.000010 0.000010 0.000010 0.000010 0.000010 0.000010 0.000010
0.999908 0.000010 0.000010 0.000010 0.000010 0.000010 0.000012 0.000010 0.000010 0.000010
0.999910 0.000010 0.000010 0.000010 0.000010 0.000010 0.000010 0.000010 0.000010 0.000010
0.999909 0.000010 0.000010 0.000010 0.000010 0.000010 0.000011 0.000010 0.000010 0.000010
0.999910 0.000010 0.000010 0.000010 0.000010 0.000010 0.000010 0.000010 0.000010 0.000010
0.999909 0.000010 0.000010 0.000010 0.000010 0.000010 0.000011 0.000010 0.000010 0.000010
0.995143 0.000010 0.000010 0.000010 0.000010 0.000010 0.000013 0.000010 0.000010 0.004774
0.000010 0.000010 0.000010 0.000010 0.000010 0.000010 0.000010 0.000010 0.000010 0.999910
0.000011 0.000010 0.000010 0.000010 0.000010 0.000010 0.000010 0.000010 0.000010 0.999909
0.000010 0.000010 0.000010 0.000010 0.000010 0.000010 0.032771 0.000010 0.000010 0.967149
0.000010 0.000010 0.000010 0.000010 0.000010 0.000010 0.000010 0.000010 0.000010 0.999910
0.000010 0.000010 0.000014 0.000010 0.000010 0.000014 0.046071 0.000010 0.000010 0.953840
0.000010 0.000010 0.000010 0.000010 0.000010 0.000010 0.013427 0.000010 0.000010 0.986493
0.000010 0.000010 0.000010 0.000010 0.000010 0.000010 0.000010 0.000010 0.000010 0.999910
0.000010 0.000010 0.000010 0.000010 0.000010 0.000010 0.000010 0.000010 0.000010 0.999910
0.040676 0.000010 0.000010 0.000010 0.000010 0.000010 0.512506 0.080457 0.000010 0.366301
0.051592 0.000010 0.000010 0.000010 0.000010 0.000010 0.534809 0.000010 0.000010 0.413529
0.029067 0.027589 0.000010 0.000010 0.000010 0.000010 0.538794 0.016188 0.000010 0.388312
0.027331 0.000010 0.000010 0.000010 0.000010 0.000010 0.555478 0.000011 0.000010 0.417120
0.030963 0.000010 0.000010 0.000010 0.000010 0.000010 0.509176 0.055346 0.000010 0.404455
0.029769 0.000225 0.000315 0.000010 0.000010 0.000010 0.522372 0.050467 0.000010 0.396812
0.032628 0.012466 0.049020 0.000010 0.001166 0.000010 0.468648 0.109085 0.000010 0.326957
0.031664 0.005521 0.000010 0.000010 0.000010 0.000010 0.492263 0.093187 0.000010 0.377314
0.037674 0.013135 0.016588 0.000010 0.034361 0.000010 0.520667 0.022176 0.000010 0.355369
0.039563 0.036454 0.000010 0.000010 0.000010 0.000010 0.505747 0.008521 0.000010 0.409665
0.032901 0.017906 0.000010 0.000010 0.000010 0.000010 0.557876 0.007493 0.000010 0.383774
0.027535 0.025667 0.028379 0.000010 0.000010 0.000010 0.492017 0.089727 0.000010 0.336634
0.033651 0.007858 0.016254 0.000010 0.000010 0.000010 0.450823 0.154205 0.000010 0.337168
0.020535 0.000010 0.000010 0.000010 0.000010 0.000010 0.521776 0.061405 0.000010 0.396224
