0.011559 0.067698 0.000010 0.920693 0.000010 0.000010 0.000010 0.000010
0.000010 0.057699 0.000010 0.942241 0.000010 0.000010 0.000010 0.000010
0.011491 0.046328 0.000010 0.942132 0.000010 0.000010 0.000010 0.000010
0.000010 0.032768 0.000010 0.967172 0.000010 0.000010 0.000010 0.000010
0.000010 0.081250 0.000010 0.918690 0.000010 0.000010 0.000010 0.000010
0.000010 0.079366 0.000010 0.920574 0.000010 0.000010 0.000010 0.000010
0.000010 0.058347 0.000010 0.941593 0.000010 0.000010 0.000010 0.000010
0.000010 0.122753 0.000010 0.831474 0.019920 0.000010 0.000010 0.025813
0.000010 0.060253 0.000010 0.921367 0.000010 0.000010 0.018330 0.000010
0.000010 0.075064 0.000010 0.924876 0.000010 0.000010 0.000010 0.000010
0.000010 0.050179 0.000010 0.949761 0.000010 0.000010 0.000010 0.000010
0.000010 0.077580 0.000010 0.920815 0.000010 0.000010 0.001555 0.000010
0.000010 0.075603 0.000010 0.924337 0.000010 0.000010 0.000010 0.000010
0.000010 0.072360 0.000010 0.927580 0.000010 0.000010 0.000010 0.000010
0.000010 0.021426 0.000010 0.972921 0.000010 0.000010 0.000010 0.005603
0.000010 0.069919 0.000010 0.927786 0.002246 0.000010 0.000010 0.000010
0.000010 0.045132 0.003061 0.891466 0.000010 0.000010 0.022742 0.037569
0.000010 0.100863 0.000010 0.870646 0.000010 0.000010 0.028442 0.000010
0.000010 0.066618 0.000010 0.933322 0.000010 0.000010 0.000010 0.000010
0.000010 0.146438 0.000010 0.805045 0.000010 0.000010 0.048467 0.000010
0.000010 0.075791 0.000010 0.924149 0.000010 0.000010 0.000010 0.000010
0.000010 0.064119 0.000010 0.935821 0.000010 0.000010 0.000010 0.000010
0.000010 0.096820 0.000010 0.903120 0.000010 0.000010 0.000010 0.000010
0.000010 0.040256 0.000010 0.905601 0.000619 0.000010 0.000010 0.053484
0.000010 0.027903 0.000010 0.972037 0.000010 0.000010 0.000010 0.000010
0.000010 0.114216 0.000010 0.885724 0.000010 0.000010 0.000010 0.000010
0.000010 0.113956 0.000010 0.885984 0.000010 0.000010 0.000010 0.000010
0.000010 0.047810 0.000010 0.952130 0.000010 0.000010 0.000010 0.000010
0.004166 0.111360 0.000010 0.833894 0.000010 0.000010 0.000010 0.050540
0.001839 0.082545 0.000010 0.915566 0.000010 0.000010 0.000010 0.000010
0.000010 0.083165 0.000010 0.916775 0.000010 0.000010 0.000010 0.000010
0.000010 0.120512 0.000010 0.835602 0.000010 0.000010 0.043837 0.000010
0.000015 0.112569 0.000010 0.887365 0.000010 0.000010 0.000010 0.000010
0.000010 0.125587 0.000010 0.874353 0.000010 0.000010 0.000010 0.000010
0.000010 0.051979 0.000010 0.947961 0.000010 0.000010 0.000010 0.000010
0.000010 0.090063 0.000010 0.909877 0.000010 0.000010 0.000010 0.000010
0.000010 0.036007 0.000010 0.935191 0.000010 0.000010 0.000010 0.028752
0.007332 0.023716 0.001638 0.966041 0.001242 0.000010 0.000010 0.000010
0.000486 0.106869 0.000010 0.876609 0.000010 0.000010 0.000010 0.015996
0.000010 0.043779 0.000010 0.951311 0.000010 0.000010 0.000010 0.004860
0.000010 0.073989 0.000010 0.876585 0.000010 0.000010 0.026701 0.022685
0.039923 0.168517 0.000010 0.310783 0.004577 0.000010 0.000010 0.476170
0.003947 0.134760 0.000010 0.350637 0.037949 0.000010 0.000010 0.472677
0.001086 0.145202 0.000010 0.391549 0.032487 0.000010 0.000010 0.429646
0.002090 0.118951 0.000010 0.396976 0.030768 0.000010 0.000010 0.451184
0.000010 0.141930 0.000010 0.401092 0.036020 0.000010 0.000010 0.420918
0.025600 0.136974 0.000010 0.359381 0.017192 0.000010 0.000010 0.460823
0.012295 0.138563 0.000010 0.342413 0.030151 0.000010 0.000010 0.476549
0.004887 0.141575 0.000010 0.392834 0.026083 0.000010 0.000010 0.434592
0.002420 0.152180 0.000010 0.373861 0.030543 0.000010 0.000010 0.440965
0.005267 0.094708 0.000010 0.406357 0.010090 0.000010 0.000010 0.483549
0.000010 0.090016 0.000010 0.422526 0.020347 0.000010 0.000010 0.467070
0.011327 0.145337 0.000010 0.384151 0.038397 0.000010 0.000010 0.420758
0.007724 0.132766 0.000010 0.354689 0.025757 0.000010 0.000010 0.479034
0.000010 0.192188 0.000010 0.295721 0.052149 0.000010 0.000010 0.459902
0.000010 0.147760 0.000010 0.841240 0.000010 0.000010 0.010950 0.000010
0.000010 0.101962 0.000010 0.897978 0.000010 0.000010 0.000010 0.000010
0.000010 0.113725 0.000010 0.827050 0.000010 0.000010 0.059175 0.000010
0.000010 0.110610 0.000010 0.889330 0.000010 0.000010 0.000010 0.000010
0.000010 0.109084 0.000010 0.862554 0.004863 0.000010 0.023458 0.000010
0.000010 0.097376 0.000010 0.890796 0.000010 0.000010 0.011778 0.000010
0.000010 0.120278 0.000010 0.808422 0.000010 0.000010 0.057193 0.014066
0.000010 0.112836 0.000010 0.839312 0.000010 0.000010 0.047803 0.000010
0.000010 0.117797 0.000010 0.859501 0.000010 0.000010 0.022652 0.000010
0.000010 0.130942 0.000010 0.836393 0.000010 0.000010 0.032615 0.000010
0.000010 0.156453 0.000010 0.828471 0.000010 0.000010 0.015026 0.000010
0.000010 0.084765 0.000010 0.873885 0.000010 0.000010 0.041300 0.000010
0.000010 0.147928 0.000010 0.810957 0.000010 0.000010 0.041065 0.000010
0.000010 0.162533 0.000010 0.762614 0.000010 0.000010 0.074803 0.000010
0.002305 0.122278 0.000010 0.854611 0.000010 0.000010 0.020766 0.000010
0.000010 0.170476 0.000010 0.829464 0.000010 0.000010 0.000010 0.000010
0.000010 0.139010 0.000010 0.830050 0.000010 0.000010 0.030890 0.000010
0.000010 0.070702 0.000010 0.929238 0.000010 0.000010 0.000010 0.000010
0.000010 0.111595 0.000010 0.888345 0.000010 0.000010 0.000010 0.000010
0.000010 0.108552 0.000010 0.861745 0.000010 0.000010 0.029653 0.000010
0.000010 0.000010 0.000010 0.923816 0.009107 0.000010 0.000010 0.067028
0.003470 0.000010 0.000010 0.937028 0.000010 0.000010 0.000010 0.059453
0.012359 0.025017 0.000010 0.903660 0.006198 0.000010 0.000010 0.052737
0.000010 0.000010 0.000010 0.957953 0.015940 0.000010 0.000010 0.026057
0.011053 0.000010 0.000010 0.938954 0.000010 0.000010 0.000010 0.049943
0.013301 0.002313 0.000010 0.945097 0.000010 0.000010 0.000010 0.039249
0.013337 0.070532 0.000010 0.860097 0.009201 0.000010 0.000010 0.046803
0.013331 0.011960 0.009394 0.890968 0.012768 0.000010 0.000010 0.061558
0.013785 0.037657 0.000010 0.890150 0.000010 0.000010 0.000010 0.058368
0.015823 0.064442 0.004505 0.858201 0.003118 0.000010 0.000010 0.053891
0.000182 0.034125 0.006797 0.899826 0.004109 0.000010 0.000010 0.054940
0.006540 0.046938 0.005188 0.841750 0.006947 0.000010 0.000010 0.092617
0.005377 0.020123 0.011230 0.892095 0.012702 0.000010 0.000010 0.058452
0.024369 0.062511 0.000010 0.844914 0.002042 0.000010 0.000010 0.066136
0.008303 0.124671 0.005412 0.808486 0.012895 0.000010 0.000010 0.040214
0.007949 0.114694 0.000010 0.798480 0.012157 0.000010 0.000010 0.066691
0.009538 0.141817 0.000010 0.803528 0.000010 0.000010 0.000010 0.045077
0.018811 0.091571 0.010626 0.831973 0.000987 0.000010 0.000010 0.046012
0.003671 0.137631 0.000010 0.802384 0.019803 0.000010 0.000010 0.036481
0.000010 0.130792 0.000010 0.791857 0.014117 0.000010 0.000010 0.063194
0.015447 0.075207 0.000010 0.852835 0.000010 0.000010 0.000010 0.056471
0.018037 0.066803 0.000010 0.851553 0.000018 0.000010 0.000010 0.063559
0.018733 0.115028 0.000010 0.838542 0.000010 0.000010 0.000010 0.027657
0.022972 0.127318 0.000010 0.828468 0.000010 0.000010 0.000010 0.021202
0.016208 0.152139 0.003382 0.751564 0.008026 0.000010 0.000010 0.068660
0.010174 0.044373 0.000010 0.875097 0.001091 0.000010 0.000010 0.069235
0.000010 0.124181 0.000010 0.823432 0.010815 0.000010 0.000010 0.041532
0.005287 0.017274 0.013879 0.889856 0.009280 0.000010 0.000010 0.064403
0.012097 0.103056 0.000010 0.842211 0.000010 0.000010 0.000010 0.042596
0.004993 0.123797 0.000010 0.801393 0.002034 0.000010 0.000010 0.067753
0.007778 0.075380 0.000010 0.846397 0.023915 0.000010 0.000010 0.046500
0.000010 0.000010 0.000010 0.999929 0.000010 0.000011 0.000010 0.000010
0.000010 0.000010 0.000010 0.999930 0.000010 0.000010 0.000010 0.000010
0.000010 0.000010 0.000010 0.999930 0.000010 0.000010 0.000010 0.000010
0.020183 0.000010 0.000010 0.979757 0.000010 0.000010 0.000010 0.000010
0.000010 0.000010 0.000010 0.999930 0.000010 0.000010 0.000010 0.000010
0.000010 0.000010 0.000010 0.999930 0.000010 0.000010 0.000010 0.000010
0.003748 0.000010 0.000010 0.987974 0.008228 0.000010 0.000010 0.000010
0.010270 0.000010 0.000010 0.989670 0.000010 0.000010 0.000010 0.000010
0.000010 0.000010 0.000010 0.983906 0.016034 0.000010 0.000010 0.000010
0.011706 0.000010 0.000010 0.988234 0.000010 0.000010 0.000010 0.000010
0.001209 0.000010 0.000010 0.995453 0.003288 0.000010 0.000010 0.000010
0.004049 0.000010 0.000010 0.995891 0.000010 0.000010 0.000010 0.000010
0.000010 0.000010 0.000010 0.999930 0.000010 0.000010 0.000010 0.000010
0.013939 0.000010 0.000010 0.986001 0.000010 0.000010 0.000010 0.000010
0.007705 0.000010 0.000010 0.992172 0.000073 0.000010 0.000010 0.000010
0.000010 0.000010 0.000010 0.992145 0.007795 0.000010 0.000010 0.000010
0.009051 0.000010 0.000010 0.990889 0.000010 0.000010 0.000010 0.000010
0.020511 0.048020 0.000010 0.770719 0.007282 0.000010 0.000010 0.153438
0.006770 0.083330 0.000010 0.761586 0.013004 0.000010 0.000010 0.135280
0.000010 0.000010 0.002331 0.843714 0.018198 0.000010 0.000010 0.135717
0.006038 0.005581 0.000010 0.842701 0.004302 0.000010 0.000010 0.141347
0.001080 0.010951 0.000010 0.839209 0.017094 0.000010 0.000010 0.131637
0.012149 0.033782 0.000010 0.817330 0.012632 0.000010 0.000010 0.124077
0.002222 0.000010 0.000010 0.841215 0.017998 0.000010 0.000010 0.138525
0.005290 0.022802 0.000010 0.828765 0.000014 0.000010 0.000010 0.143098
0.020531 0.057376 0.000010 0.768084 0.010580 0.000010 0.000010 0.143400
0.010949 0.000010 0.000010 0.844967 0.005526 0.000010 0.000010 0.138518
0.015890 0.030894 0.000010 0.802035 0.005332 0.000010 0.000010 0.145819
0.000864 0.000010 0.000010 0.870368 0.001830 0.000010 0.000010 0.126899
0.009147 0.000010 0.000010 0.858404 0.002912 0.000010 0.000010 0.129496
0.007869 0.022854 0.000010 0.812132 0.012689 0.000010 0.000010 0.144425
0.019332 0.000010 0.004054 0.818504 0.004094 0.000010 0.000010 0.153986
0.000010 0.051945 0.000010 0.788155 0.021875 0.000010 0.000010 0.137985
0.000010 0.007293 0.000010 0.825304 0.023744 0.000010 0.000010 0.143619
0.007323 0.030973 0.000010 0.815442 0.006975 0.000010 0.000010 0.139258
0.003165 0.041125 0.000010 0.818397 0.003252 0.000010 0.000010 0.134031
0.009514 0.002094 0.000010 0.865650 0.008626 0.000010 0.000010 0.114086
0.017666 0.000010 0.000010 0.858053 0.000010 0.000010 0.000010 0.124231
0.026989 0.018500 0.000010 0.822704 0.006817 0.000010 0.000010 0.124959
0.008014 0.027667 0.000010 0.814443 0.017787 0.000010 0.000010 0.132058
0.000010 0.000010 0.000010 0.000010 0.000010 0.999930 0.000010 0.000010
0.000010 0.000010 0.000010 0.000010 0.000010 0.652574 0.347366 0.000010
0.000010 0.000010 0.000010 0.000010 0.000010 0.682574 0.317366 0.000010
0.000010 0.000010 0.000010 0.000010 0.000010 0.643245 0.356695 0.000010
0.000010 0.000010 0.000010 0.000010 0.000010 0.636099 0.363841 0.000010
0.000010 0.000010 0.000010 0.000010 0.000010 0.666199 0.333741 0.000010
0.000010 0.000010 0.000010 0.000010 0.000010 0.625683 0.374257 0.000010
0.000010 0.000010 0.000010 0.000010 0.000010 0.696958 0.302982 0.000010
0.000010 0.000010 0.000010 0.000010 0.000010 0.999930 0.000010 0.000010
0.000010 0.000010 0.000010 0.000010 0.000010 0.999930 0.000010 0.000010
0.000010 0.000010 0.000010 0.000010 0.000010 0.662919 0.337021 0.000010
0.000010 0.000010 0.000010 0.000010 0.000010 0.689266 0.310674 0.000010
0.000010 0.000010 0.000010 0.000010 0.000010 0.667595 0.332345 0.000010
0.000010 0.000010 0.000010 0.000010 0.000010 0.999930 0.000010 0.000010
0.000010 0.000010 0.000010 0.000010 0.000010 0.647951 0.351989 0.000010
0.000010 0.000010 0.000010 0.000010 0.000010 0.659276 0.340664 0.000010
0.000010 0.000010 0.000010 0.000010 0.000010 0.627968 0.371972 0.000010
0.000010 0.000010 0.000010 0.000010 0.000010 0.634095 0.365845 0.000010
0.000010 0.000010 0.000010 0.000010 0.000010 0.999930 0.000010 0.000010
0.000010 0.000010 0.000010 0.000010 0.000010 0.629424 0.370516 0.000010
0.011112 0.000010 0.000010 0.000010 0.000010 0.970910 0.017928 0.000010
0.000010 0.000010 0.000010 0.000010 0.000010 0.999930 0.000010 0.000010
0.001790 0.807504 0.000010 0.176194 0.014472 0.000010 0.000010 0.000010
0.009470 0.849236 0.000010 0.136485 0.004770 0.000010 0.000010 0.000010
0.004487 0.835154 0.000010 0.138654 0.021666 0.000010 0.000010 0.000010
0.010005 0.843721 0.000010 0.127307 0.018927 0.000010 0.000010 0.000010
0.010225 0.838838 0.000010 0.147142 0.003756 0.000010 0.000010 0.000010
0.006593 0.817263 0.000010 0.167384 0.008720 0.000010 0.000010 0.000010
0.012322 0.843748 0.000010 0.130043 0.013847 0.000010 0.000010 0.000010
0.000010 0.848219 0.000010 0.136462 0.015269 0.000010 0.000010 0.000010
0.000010 0.794735 0.000010 0.179935 0.025280 0.000010 0.000010 0.000010
0.005892 0.810984 0.000010 0.175153 0.007930 0.000010 0.000010 0.000010
0.018931 0.857507 0.000010 0.113613 0.009901 0.000010 0.000017 0.000010
0.014855 0.879423 0.000010 0.101024 0.004658 0.000010 0.000010 0.000010
0.007349 0.842958 0.000010 0.128765 0.020888 0.000010 0.000010 0.000010
0.015099 0.840152 0.000010 0.133967 0.010741 0.000010 0.000010 0.000010
0.014183 0.829950 0.000010 0.137627 0.018201 0.000010 0.000010 0.000010
0.000010 0.806281 0.002600 0.163662 0.027417 0.000010 0.000010 0.000010
0.019247 0.851704 0.000010 0.128729 0.000281 0.000010 0.000010 0.000010
0.000010 0.940368 0.000010 0.046627 0.012955 0.000010 0.000010 0.000010
0.011469 0.782000 0.000010 0.196770 0.009722 0.000010 0.000010 0.000010
0.012309 0.857318 0.000010 0.113631 0.016702 0.000010 0.000010 0.000010
0.014168 0.821664 0.000010 0.147838 0.016290 0.000010 0.000010 0.000010
0.000010 0.901344 0.000010 0.070553 0.025408 0.000010 0.000010 0.002655
0.014560 0.869936 0.000010 0.108522 0.006942 0.000010 0.000010 0.000010
0.009796 0.842561 0.000010 0.147593 0.000010 0.000010 0.000010 0.000010
0.012539 0.871429 0.000010 0.095281 0.020711 0.000010 0.000010 0.000010
0.000010 0.000010 0.999930 0.000010 0.000010 0.000010 0.000010 0.000010
0.000010 0.000010 0.999930 0.000010 0.000010 0.000010 0.000010 0.000010
0.000010 0.000010 0.999930 0.000010 0.000010 0.000010 0.000010 0.000010
0.000010 0.000010 0.999925 0.000010 0.000014 0.000010 0.000010 0.000010
0.000010 0.000010 0.999930 0.000010 0.000010 0.000010 0.000010 0.000010
0.000010 0.000010 0.999927 0.000010 0.000013 0.000010 0.000010 0.000010
0.000010 0.000010 0.999929 0.000010 0.000011 0.000010 0.000010 0.000010
0.000010 0.000010 0.999926 0.000011 0.000013 0.000010 0.000010 0.000010
0.000010 0.000010 0.999930 0.000010 0.000010 0.000010 0.000010 0.000010
0.000010 0.000013 0.999926 0.000012 0.000010 0.000010 0.000010 0.000010
0.000019 0.000010 0.999921 0.000010 0.000010 0.000010 0.000010 0.000010
0.000010 0.000016 0.999924 0.000010 0.000010 0.000010 0.000010 0.000010
0.000010 0.000010 0.999930 0.000010 0.000010 0.000010 0.000010 0.000010
0.000010 0.000010 0.999930 0.000010 0.000010 0.000010 0.000010 0.000010
0.000010 0.786663 0.000010 0.213277 0.000010 0.000010 0.000010 0.000010
0.000010 0.756733 0.000010 0.243207 0.000010 0.000010 0.000010 0.000010
0.000010 0.771799 0.000010 0.222826 0.000010 0.000010 0.005325 0.000010
0.000010 0.757200 0.000010 0.242740 0.000010 0.000010 0.000010 0.000010
0.000010 0.759327 0.000010 0.223056 0.000010 0.000010 0.017567 0.000010
0.000010 0.750955 0.000010 0.248985 0.000010 0.000010 0.000010 0.000010
0.000010 0.749026 0.000010 0.231949 0.000010 0.000010 0.018975 0.000010
0.000010 0.754063 0.000010 0.245877 0.000010 0.000010 0.000010 0.000010
0.000010 0.771161 0.000010 0.228777 0.000010 0.000010 0.000012 0.000010
0.000010 0.730004 0.000010 0.252963 0.000010 0.000010 0.016984 0.000010
0.000010 0.767770 0.000010 0.224536 0.000010 0.000010 0.007645 0.000010
0.000010 0.749772 0.000010 0.246694 0.000010 0.000010 0.003484 0.000010
0.000010 0.762615 0.000010 0.228125 0.000010 0.000010 0.009210 0.000010
0.000010 0.737026 0.000010 0.262914 0.000010 0.000010 0.000010 0.000010
0.000010 0.719564 0.000010 0.266756 0.000010 0.000010 0.013630 0.000010
0.001031 0.749374 0.000010 0.249544 0.000010 0.000010 0.000010 0.000010
0.000010 0.748042 0.000010 0.240331 0.000010 0.000010 0.011577 0.000010
0.000010 0.770883 0.000010 0.229057 0.000010 0.000010 0.000010 0.000010
0.001272 0.761367 0.000010 0.215491 0.000010 0.000010 0.021829 0.000010
0.000010 0.754006 0.000010 0.233686 0.000010 0.000010 0.012259 0.000010
0.003038 0.773564 0.000010 0.218962 0.000010 0.000010 0.003997 0.000410
0.000010 0.731800 0.000010 0.258054 0.000010 0.000010 0.010096 0.000010
0.000010 0.737932 0.000010 0.245835 0.000010 0.000010 0.016183 0.000010
0.000010 0.762888 0.000010 0.237052 0.000010 0.000010 0.000010 0.000010
0.000010 0.727253 0.000010 0.255342 0.000010 0.000010 0.017356 0.000010
0.000010 0.743309 0.000010 0.243381 0.000010 0.000010 0.013260 0.000010
0.000010 0.732340 0.000010 0.254135 0.000010 0.000010 0.013475 0.000010
0.000010 0.743544 0.000881 0.237557 0.000010 0.000010 0.017978 0.000010
0.000010 0.741866 0.000010 0.249407 0.000010 0.000010 0.008678 0.000010
0.000010 0.763483 0.000010 0.230361 0.000010 0.000010 0.006106 0.000010
0.000010 0.701398 0.000010 0.297642 0.000010 0.000010 0.000910 0.000010
0.000010 0.732275 0.000010 0.267665 0.000010 0.000010 0.000010 0.000010
0.000010 0.731957 0.000010 0.249386 0.000010 0.000010 0.018607 0.000010
0.000010 0.719866 0.000010 0.280074 0.000010 0.000010 0.000010 0.000010
0.000010 0.713408 0.000010 0.280434 0.000010 0.000010 0.006108 0.000010
0.000010 0.755959 0.000010 0.232229 0.000010 0.000010 0.011762 0.000010
0.000010 0.735586 0.000010 0.258409 0.000010 0.000010 0.005955 0.000010
0.000010 0.752982 0.000010 0.246958 0.000010 0.000010 0.000010 0.000010
0.000010 0.754337 0.000010 0.228000 0.000010 0.000010 0.017613 0.000010
0.000010 0.851528 0.000010 0.071950 0.000010 0.000010 0.076472 0.000010
0.000010 0.826634 0.000010 0.107966 0.000010 0.000010 0.065349 0.000010
0.000010 0.704399 0.000010 0.182481 0.000010 0.002663 0.110417 0.000010
0.000010 0.868492 0.000010 0.073476 0.000010 0.000010 0.057982 0.000010
0.000010 0.678895 0.000010 0.148618 0.000010 0.000010 0.172437 0.000010
0.000010 0.916635 0.000010 0.037031 0.000010 0.000010 0.046283 0.000010
0.010586 0.683996 0.000010 0.227700 0.000010 0.000010 0.077678 0.000010
0.000010 0.697899 0.000010 0.210853 0.000010 0.000010 0.091198 0.000010
0.000010 0.721710 0.000010 0.211133 0.000010 0.000010 0.067107 0.000010
0.000010 0.901554 0.000010 0.051018 0.000010 0.000010 0.047378 0.000010
0.000010 0.887476 0.000010 0.057829 0.000010 0.000010 0.054644 0.000010
0.000010 0.726186 0.000010 0.194916 0.000010 0.000010 0.078848 0.000010
0.000010 0.697568 0.000010 0.166800 0.000010 0.000010 0.135582 0.000010
0.001410 0.729501 0.000010 0.185137 0.000010 0.000010 0.083912 0.000010
0.000010 0.854447 0.000010 0.071460 0.000010 0.000010 0.074043 0.000010
0.000010 0.830580 0.000010 0.093822 0.000010 0.000010 0.075547 0.000010
0.000010 0.710348 0.000010 0.222322 0.000010 0.000010 0.067281 0.000010
0.000010 0.695248 0.000010 0.232401 0.000010 0.000010 0.072301 0.000010
0.000010 0.694747 0.000010 0.220437 0.002926 0.000010 0.081850 0.000010
0.000010 0.695072 0.000010 0.207078 0.000010 0.000010 0.097799 0.000010
0.000010 0.881834 0.000010 0.062771 0.000010 0.000010 0.052871 0.002484
0.000010 0.902262 0.000010 0.045714 0.000010 0.000010 0.051974 0.000010
0.000010 0.682532 0.000010 0.167922 0.000010 0.007383 0.142123 0.000010
0.000010 0.691277 0.000010 0.163242 0.000010 0.000010 0.145431 0.000010
0.004525 0.705831 0.000010 0.183220 0.000010 0.000010 0.106384 0.000010
0.000010 0.850891 0.000010 0.091798 0.000010 0.000010 0.057260 0.000010
0.001380 0.727329 0.000010 0.164066 0.000010 0.000010 0.105509 0.001686
0.001813 0.716002 0.000010 0.141558 0.000390 0.000010 0.140207 0.000010
0.000010 0.812279 0.000010 0.112847 0.000010 0.000010 0.074824 0.000010
0.000243 0.686110 0.000010 0.157256 0.000010 0.000010 0.156351 0.000010
0.000010 0.828736 0.000010 0.110422 0.000010 0.000010 0.060792 0.000010
0.000010 0.716799 0.000010 0.212636 0.000010 0.000010 0.070515 0.000010
0.001168 0.904507 0.000010 0.046660 0.000010 0.000010 0.047625 0.000010
0.000010 0.715242 0.000010 0.210372 0.000010 0.000010 0.074336 0.000010
0.000010 0.680458 0.000010 0.214448 0.000010 0.000010 0.105044 0.000010
0.001965 0.701191 0.000010 0.126627 0.000010 0.000010 0.170177 0.000010
0.000010 0.745432 0.000010 0.165010 0.000010 0.000010 0.089508 0.000010
0.000010 0.857030 0.000010 0.086789 0.000010 0.000010 0.056131 0.000010
0.000010 0.905368 0.000010 0.049290 0.000010 0.000010 0.045293 0.000010
0.000010 0.871313 0.000010 0.072632 0.000010 0.000010 0.056006 0.000010
0.000010 0.861238 0.000010 0.070262 0.000010 0.000010 0.068450 0.000010
0.000010 0.867354 0.000010 0.073820 0.000010 0.000010 0.058776 0.000010
0.003256 0.657282 0.000010 0.282371 0.000010 0.000010 0.057052 0.000010
0.000010 0.000010 0.790013 0.000010 0.000010 0.000010 0.000010 0.209927
0.000010 0.000010 0.785892 0.000010 0.000010 0.000010 0.000010 0.214048
0.000010 0.000010 0.795553 0.000010 0.000010 0.000010 0.000010 0.204387
0.000010 0.000010 0.783836 0.000010 0.008307 0.000010 0.000010 0.207806
0.000010 0.000010 0.756326 0.000010 0.000010 0.000010 0.000010 0.243614
0.000010 0.000010 0.802048 0.000010 0.000010 0.000010 0.000010 0.197892
0.000010 0.000010 0.791107 0.000010 0.000010 0.000010 0.000010 0.208833
0.000010 0.999930 0.000010 0.000010 0.000010 0.000010 0.000010 0.000010
0.000010 0.999773 0.000010 0.000010 0.000167 0.000010 0.000010 0.000010
0.000010 0.999930 0.000010 0.000010 0.000010 0.000010 0.000010 0.000010
0.000010 0.999930 0.000010 0.000010 0.000010 0.000010 0.000010 0.000010
0.000010 0.999930 0.000010 0.000010 0.000010 0.000010 0.000010 0.000010
0.000010 0.999930 0.000010 0.000010 0.000010 0.000010 0.000010 0.000010
0.000010 0.999930 0.000010 0.000010 0.000010 0.000010 0.000010 0.000010
0.000010 0.995206 0.000010 0.000010 0.004734 0.000010 0.000010 0.000010
0.000010 0.999930 0.000010 0.000010 0.000010 0.000010 0.000010 0.000010
0.001138 0.743614 0.000010 0.200042 0.000010 0.000010 0.055166 0.000010
0.000010 0.693061 0.000010 0.243361 0.000010 0.000010 0.063528 0.000010
0.000010 0.725001 0.000010 0.214496 0.000010 0.000010 0.060454 0.000010
0.000010 0.735828 0.002718 0.205293 0.000010 0.000010 0.056121 0.000010
0.000010 0.672038 0.000010 0.229297 0.000010 0.000010 0.098615 0.000010
0.000010 0.707471 0.000010 0.211188 0.000010 0.000010 0.081291 0.000010
0.000010 0.708010 0.000010 0.230095 0.000010 0.000010 0.061845 0.000010
0.000010 0.730209 0.000010 0.166089 0.000010 0.000010 0.103653 0.000010
0.000010 0.729713 0.000010 0.172963 0.000010 0.000010 0.097274 0.000010
0.000010 0.741043 0.000010 0.214876 0.000010 0.000010 0.044031 0.000010
0.000010 0.719058 0.000010 0.222709 0.000010 0.000010 0.058184 0.000010
0.000010 0.739434 0.000010 0.203099 0.000010 0.000010 0.057417 0.000010
0.000010 0.745601 0.000010 0.198351 0.000010 0.000010 0.055998 0.000010
0.002387 0.716943 0.000010 0.208880 0.000010 0.000010 0.071750 0.000010
0.000010 0.729472 0.000010 0.215904 0.000010 0.000010 0.054574 0.000010
0.000010 0.729707 0.000010 0.214558 0.000010 0.000010 0.055685 0.000010
0.000010 0.751931 0.000010 0.197714 0.000010 0.000010 0.050304 0.000010
0.000010 0.712685 0.000010 0.213782 0.000010 0.000010 0.073483 0.000010
0.000010 0.710886 0.000010 0.226941 0.000010 0.000010 0.062122 0.000010
0.000010 0.724730 0.000010 0.183075 0.000010 0.000010 0.088234 0.003920
0.000010 0.897694 0.000010 0.054285 0.000010 0.000010 0.047971 0.000010
0.531122 0.000010 0.000010 0.000010 0.468818 0.000010 0.000010 0.000010
0.515607 0.000010 0.000010 0.000010 0.484333 0.000010 0.000010 0.000010
0.519940 0.000010 0.000010 0.000010 0.480000 0.000010 0.000010 0.000010
0.000010 0.000010 0.031377 0.125164 0.000010 0.000010 0.000010 0.843409
0.000010 0.000010 0.009772 0.074113 0.000010 0.000010 0.000010 0.916065
0.000010 0.000010 0.032086 0.153925 0.000010 0.000010 0.000010 0.813939
0.000010 0.000010 0.023965 0.078332 0.000010 0.000010 0.000010 0.897653
0.000010 0.000010 0.044130 0.111570 0.000010 0.000010 0.001136 0.843124
0.002343 0.000010 0.017070 0.086944 0.000010 0.000010 0.000010 0.893603
0.000010 0.000010 0.027441 0.126470 0.000010 0.000010 0.000010 0.846039
0.000010 0.000010 0.039569 0.120067 0.000010 0.000010 0.000010 0.840314
0.000010 0.685027 0.000010 0.241194 0.000010 0.000010 0.073729 0.000010
0.000010 0.693624 0.000010 0.239975 0.000010 0.000010 0.066352 0.000010
0.000010 0.724245 0.000010 0.209199 0.000010 0.000010 0.066506 0.000010
0.000010 0.677802 0.000010 0.253662 0.000010 0.000010 0.068485 0.000010
0.000010 0.712371 0.000010 0.232296 0.000010 0.000010 0.055283 0.000010
0.000010 0.706419 0.000010 0.220861 0.000010 0.000010 0.072670 0.000010
0.000010 0.707224 0.000010 0.240811 0.000010 0.000010 0.051915 0.000010
0.000010 0.730531 0.000010 0.157774 0.000010 0.000010 0.111645 0.000010
0.000010 0.756418 0.000010 0.191515 0.000010 0.000010 0.052017 0.000010
0.000010 0.746068 0.000010 0.194264 0.000010 0.000010 0.059618 0.000010
0.000010 0.684490 0.000010 0.246456 0.000010 0.000010 0.069004 0.000010
0.000010 0.734687 0.000010 0.203658 0.000010 0.000010 0.061606 0.000010
0.000010 0.732728 0.000010 0.209809 0.000010 0.000010 0.057413 0.000010
0.000010 0.748385 0.000010 0.192852 0.000010 0.000010 0.058712 0.000010
0.003676 0.698848 0.000010 0.193696 0.000010 0.000010 0.101067 0.002683
0.001929 0.717263 0.000010 0.225384 0.000010 0.000010 0.055384 0.000010
0.000010 0.697028 0.000010 0.224866 0.000010 0.000010 0.078055 0.000010
0.000010 0.716353 0.000010 0.219151 0.000010 0.000010 0.061929 0.002528
0.001525 0.000010 0.000010 0.000010 0.000010 0.000010 0.000010 0.998415
0.000010 0.000010 0.000010 0.000010 0.000782 0.000010 0.000010 0.999158
0.005153 0.000010 0.000010 0.000013 0.000701 0.000010 0.000010 0.994093
0.008454 0.000016 0.000010 0.000010 0.004995 0.000010 0.000010 0.986496
0.008792 0.000010 0.000010 0.000010 0.000014 0.000010 0.000010 0.991144
0.005472 0.000010 0.000010 0.000010 0.000010 0.000010 0.000010 0.994468
0.000010 0.000010 0.000010 0.000010 0.008342 0.000010 0.000010 0.991598
0.009141 0.000010 0.000010 0.000010 0.000010 0.000010 0.000010 0.990799
0.006142 0.000010 0.000010 0.000010 0.010158 0.000010 0.000010 0.983649
0.028343 0.000010 0.000010 0.000010 0.000010 0.000010 0.000010 0.971597
0.004007 0.000010 0.000010 0.000010 0.011227 0.000010 0.000010 0.984715
0.000010 0.000010 0.000010 0.000010 0.009407 0.000010 0.000010 0.990533
0.000010 0.000010 0.000010 0.000010 0.009560 0.000010 0.000010 0.990380
0.010429 0.000010 0.000010 0.000010 0.000010 0.000010 0.000010 0.989511
0.009016 0.005101 0.000010 0.000010 0.005688 0.000010 0.000010 0.980156
0.000010 0.000010 0.000010 0.000010 0.017042 0.000010 0.000010 0.982898
0.000010 0.000010 0.000010 0.000010 0.000010 0.000010 0.000010 0.999930
0.003579 0.000010 0.000010 0.000010 0.000010 0.000010 0.000010 0.996361
0.007360 0.000010 0.000010 0.000010 0.000010 0.000010 0.000010 0.992580
0.012960 0.000010 0.000010 0.000010 0.000010 0.000010 0.000010 0.986980
0.012103 0.000010 0.000010 0.000010 0.003630 0.000010 0.000010 0.984217
0.007908 0.000010 0.000010 0.000010 0.000010 0.000010 0.000010 0.992032
0.003510 0.000010 0.000010 0.000010 0.004907 0.000010 0.000010 0.991533
0.020206 0.000010 0.000010 0.000010 0.002285 0.000010 0.000010 0.977459
0.009492 0.000010 0.000010 0.000010 0.000010 0.000010 0.000010 0.990448
0.007996 0.000010 0.000010 0.000016 0.000430 0.000010 0.000010 0.991517
0.000010 0.000010 0.000010 0.000010 0.000010 0.000010 0.000010 0.999930
0.000010 0.000010 0.000010 0.000010 0.000010 0.000010 0.000010 0.999930
0.000010 0.000010 0.000010 0.000010 0.000010 0.000010 0.000010 0.999930
0.003204 0.000010 0.000010 0.000010 0.004378 0.000010 0.000010 0.992369
0.004096 0.000010 0.000010 0.000010 0.000010 0.000010 0.000010 0.995844
0.003750 0.000010 0.000010 0.000010 0.000010 0.000010 0.000010 0.996190
0.000010 0.000010 0.000010 0.000010 0.000010 0.000010 0.000010 0.999930
0.000010 0.000010 0.000010 0.000010 0.000010 0.000010 0.000010 0.999930
0.000010 0.000010 0.000010 0.000010 0.000010 0.000010 0.000010 0.999930
0.000010 0.000010 0.000010 0.000010 0.000010 0.000010 0.000010 0.999930
0.000010 0.000010 0.000010 0.000010 0.000010 0.000010 0.000010 0.999930
0.000010 0.000010 0.000010 0.000010 0.000010 0.000010 0.000010 0.999930
0.000010 0.000010 0.804494 0.000010 0.000010 0.000010 0.000010 0.195446
0.000010 0.000010 0.796057 0.000010 0.000012 0.000010 0.000010 0.203881
0.003734 0.000010 0.000010 0.000010 0.005621 0.000010 0.000010 0.990595
0.010681 0.000010 0.000010 0.000010 0.000010 0.000010 0.000010 0.989259
0.007020 0.806633 0.000010 0.155175 0.031131 0.000010 0.000010 0.000010
0.008375 0.811102 0.000010 0.146928 0.033556 0.000010 0.000010 0.000010
0.007977 0.805421 0.000010 0.155554 0.031008 0.000010 0.000010 0.000010
0.008030 0.783012 0.000010 0.191794 0.017124 0.000010 0.000010 0.000010
0.007040 0.819036 0.000010 0.139937 0.033947 0.000010 0.000010 0.000010
0.010400 0.809584 0.000010 0.152812 0.027163 0.000010 0.000010 0.000010
0.017937 0.811902 0.000010 0.155937 0.014183 0.000010 0.000010 0.000010
0.000714 0.781882 0.000010 0.186914 0.030450 0.000010 0.000010 0.000010
0.000010 0.811179 0.000010 0.156970 0.031801 0.000010 0.000010 0.000010
0.004142 0.825603 0.000010 0.156598 0.013617 0.000010 0.000010 0.000010
0.000010 0.781065 0.000010 0.199726 0.019158 0.000010 0.000010 0.000010
0.014559 0.816215 0.000010 0.144963 0.024223 0.000010 0.000010 0.000010
0.000010 0.824296 0.000010 0.151244 0.024410 0.000010 0.000010 0.000010
0.000010 0.000010 0.000010 0.000010 0.000010 0.000010 0.000010 0.999930
0.000010 0.000010 0.000010 0.000010 0.000010 0.000010 0.000010 0.999930
0.000010 0.000010 0.000010 0.000010 0.000010 0.000010 0.000010 0.999930
0.003895 0.000010 0.000010 0.000010 0.000010 0.000010 0.000010 0.996045
0.000010 0.000010 0.000010 0.000010 0.000010 0.000010 0.000010 0.999930
0.000010 0.000010 0.000010 0.000010 0.000010 0.000010 0.000010 0.999930
0.000010 0.000010 0.000010 0.000010 0.000010 0.000010 0.000010 0.999930
0.000010 0.000010 0.000010 0.000010 0.000010 0.000010 0.000010 0.999930
0.000010 0.000010 0.000010 0.000010 0.000010 0.000010 0.000010 0.999930
0.000010 0.000010 0.000010 0.000010 0.000010 0.000010 0.000010 0.999930
0.000010 0.000010 0.000010 0.000010 0.000010 0.000010 0.000010 0.999930
0.004806 0.000010 0.000010 0.000010 0.000010 0.000010 0.000010 0.995134
0.999930 0.000010 0.000010 0.000010 0.000010 0.000010 0.000010 0.000010
0.999930 0.000010 0.000010 0.000010 0.000010 0.000010 0.000010 0.000010
0.965894 0.000010 0.000010 0.000010 0.034046 0.000010 0.000010 0.000010
0.999930 0.000010 0.000010 0.000010 0.000010 0.000010 0.000010 0.000010
0.952852 0.000010 0.000010 0.000010 0.047088 0.000010 0.000010 0.000010
0.985571 0.000010 0.000010 0.000010 0.014369 0.000010 0.000010 0.000010
0.999930 0.000010 0.000010 0.000010 0.000010 0.000010 0.000010 0.000010
0.999930 0.000010 0.000010 0.000010 0.000010 0.000010 0.000010 0.000010
0.364521 0.076486 0.000010 0.000010 0.517516 0.000010 0.000010 0.041438
0.411578 0.000010 0.000010 0.000010 0.536989 0.000010 0.000010 0.051382
0.386141 0.000010 0.000010 0.041351 0.542344 0.000010 0.000010 0.030124
0.415229 0.000010 0.000010 0.000010 0.557537 0.000010 0.000010 0.027184
0.403431 0.052928 0.000010 0.000010 0.511963 0.000010 0.000010 0.031639
0.395622 0.049872 0.000010 0.000010 0.525389 0.000010 0.000010 0.029076
0.326809 0.144965 0.000010 0.017856 0.471037 0.000010 0.007237 0.032076
0.375548 0.085739 0.000010 0.009722 0.497682 0.000010 0.000010 0.031279
0.354392 0.035481 0.000010 0.012648 0.522205 0.000010 0.037330 0.037925
0.407820 0.000010 0.000010 0.043693 0.508327 0.000010 0.000010 0.040120
0.381737 0.006235 0.000010 0.018083 0.560615 0.000010 0.000010 0.033300
0.334979 0.110263 0.000010 0.031046 0.495622 0.000010 0.000010 0.028060
0.336577 0.165174 0.000010 0.009290 0.456234 0.000010 0.000010 0.032695
0.394541 0.057242 0.000010 0.000010 0.525578 0.000010 0.000010 0.022599
0.381178 0.045821 0.000010 0.015234 0.536778 0.000010 0.000010 0.020959
0.397216 0.000010 0.000010 0.028003 0.543220 0.000010 0.000010 0.031520
0.363676 0.063587 0.000010 0.007147 0.501557 0.000010 0.009611 0.054403
0.369350 0.097732 0.000010 0.016864 0.478421 0.000010 0.000010 0.037604
0.013472 0.682844 0.000010 0.212640 0.056263 0.000010 0.000010 0.034750
0.000010 0.661593 0.000010 0.246015 0.055926 0.000010 0.000010 0.036426
0.017498 0.655848 0.000010 0.235238 0.041900 0.000010 0.000010 0.049486
0.016900 0.675450 0.000010 0.218292 0.043942 0.000010 0.000010 0.045386
0.004882 0.690415 0.000010 0.232246 0.050203 0.000010 0.000010 0.022224
0.012675 0.671397 0.000010 0.237015 0.044804 0.000010 0.000010 0.034079
0.012116 0.678095 0.000010 0.241081 0.038430 0.000010 0.000010 0.030248
0.017339 0.721477 0.000010 0.173639 0.048908 0.000010 0.000010 0.038607
0.011530 0.681673 0.000010 0.209580 0.060712 0.000010 0.000010 0.036475
0.018063 0.651703 0.000010 0.238848 0.033739 0.000010 0.000010 0.057616
0.002031 0.648201 0.000010 0.239745 0.060904 0.000010 0.000010 0.049089
0.023165 0.641385 0.000010 0.233209 0.046783 0.000010 0.000010 0.055428
0.009001 0.625743 0.000010 0.263965 0.056817 0.000010 0.000010 0.044445
0.029185 0.650151 0.000010 0.221019 0.047229 0.000010 0.000010 0.052386
0.002996 0.633587 0.000010 0.251168 0.059648 0.000010 0.000010 0.052571
0.022445 0.685947 0.000010 0.207195 0.053221 0.000010 0.000010 0.031163
0.008176 0.630549 0.000010 0.248246 0.062510 0.000010 0.000010 0.050490
0.029393 0.686701 0.000010 0.197898 0.041279 0.000010 0.000010 0.044699
0.010887 0.697019 0.000010 0.215299 0.054030 0.000010 0.000010 0.022735
0.017079 0.688825 0.000010 0.199623 0.052944 0.000010 0.000010 0.041500
0.029020 0.704723 0.000010 0.187746 0.040382 0.000010 0.000010 0.038099
0.009131 0.705168 0.000010 0.191724 0.041833 0.000010 0.000010 0.052115
0.000010 0.000010 0.000010 0.000973 0.000010 0.000010 0.998967 0.000010
0.000010 0.014104 0.000010 0.000010 0.000017 0.000010 0.985829 0.000010
0.000010 0.000010 0.000010 0.015951 0.000010 0.000010 0.983989 0.000010
0.000010 0.001872 0.000010 0.007525 0.000010 0.000010 0.990553 0.000010
0.000010 0.006962 0.000010 0.001975 0.000012 0.000010 0.991012 0.000010
0.003022 0.010329 0.000010 0.000010 0.000010 0.000010 0.986599 0.000010
0.000010 0.012001 0.000010 0.000010 0.009701 0.000010 0.978248 0.000010
0.000010 0.000767 0.000010 0.000010 0.000010 0.000010 0.999173 0.000010
0.000010 0.004288 0.000010 0.001712 0.005111 0.000010 0.988850 0.000010
0.003268 0.024888 0.000010 0.000010 0.000010 0.000010 0.971795 0.000010
0.005154 0.012923 0.000010 0.000010 0.006155 0.000010 0.975728 0.000010
0.000010 0.000010 0.000010 0.000010 0.000010 0.000010 0.999930 0.000010
0.000010 0.000010 0.000010 0.000010 0.000010 0.000010 0.999930 0.000010
0.000010 0.000010 0.000010 0.000010 0.000010 0.000010 0.999930 0.000010
0.000010 0.000010 0.000010 0.000010 0.000010 0.000010 0.999930 0.000010
0.000010 0.000010 0.000010 0.000010 0.000010 0.000010 0.999930 0.000010
0.000010 0.000010 0.000010 0.000010 0.000010 0.000010 0.999930 0.000010
0.000010 0.000010 0.000010 0.000010 0.000010 0.000010 0.999930 0.000010
0.007049 0.000010 0.000010 0.000010 0.000010 0.000010 0.992891 0.000010
0.000010 0.000010 0.000010 0.000010 0.000010 0.000010 0.999930 0.000010
0.000010 0.000010 0.000010 0.000010 0.000010 0.000013 0.999927 0.000010
0.000010 0.000010 0.000010 0.000010 0.000010 0.000010 0.999930 0.000010
0.000010 0.000010 0.000010 0.000010 0.000010 0.000010 0.999930 0.000010
0.000010 0.000010 0.000019 0.000010 0.000010 0.000010 0.999921 0.000010
0.000010 0.000010 0.000010 0.000010 0.000010 0.000010 0.999930 0.000010
0.000010 0.000010 0.000010 0.000010 0.001634 0.000010 0.998306 0.000010
0.000010 0.000010 0.000010 0.000010 0.002141 0.000010 0.997799 0.000010
0.000010 0.000010 0.000010 0.000010 0.000010 0.000010 0.999930 0.000010
0.000010 0.000010 0.000010 0.000010 0.000010 0.000010 0.999930 0.000010
0.000010 0.000010 0.000010 0.000010 0.000013 0.000010 0.999927 0.000010
0.000010 0.000010 0.000010 0.000010 0.000010 0.000010 0.999930 0.000010
0.000010 0.000010 0.000010 0.000010 0.000010 0.000010 0.999930 0.000010
0.027460 0.047382 0.000010 0.065712 0.064192 0.000010 0.000010 0.795224
0.000276 0.052838 0.000010 0.063919 0.082519 0.000010 0.000010 0.800418
0.019450 0.063923 0.000010 0.075550 0.066716 0.000010 0.000010 0.774331
0.032623 0.089257 0.000010 0.079055 0.061821 0.000010 0.000010 0.737213
0.013951 0.090017 0.000010 0.101829 0.070437 0.000010 0.000010 0.723736
0.024404 0.040162 0.000010 0.062052 0.074627 0.000010 0.000010 0.798726
0.034215 0.063695 0.000010 0.054257 0.057334 0.000010 0.000010 0.790469
0.032042 0.028286 0.000010 0.081846 0.063266 0.000010 0.000010 0.794531
0.018724 0.052142 0.000010 0.047880 0.087400 0.000010 0.000010 0.793824
0.027381 0.039929 0.000010 0.071795 0.066244 0.000010 0.000010 0.794620
0.020925 0.087311 0.000010 0.072305 0.057996 0.000010 0.000010 0.761433
0.028765 0.009529 0.000010 0.089228 0.063343 0.000010 0.000010 0.809107
0.026209 0.030550 0.000010 0.101594 0.054225 0.000010 0.000010 0.787393
0.024856 0.033231 0.000010 0.079037 0.077628 0.000010 0.000010 0.785218
0.030872 0.050055 0.000010 0.055001 0.063374 0.000010 0.000010 0.800668
0.002400 0.048534 0.000010 0.099685 0.090751 0.000010 0.000010 0.758600
0.026082 0.031133 0.000010 0.086651 0.064488 0.000010 0.000010 0.791615
0.009402 0.076312 0.000010 0.062338 0.092810 0.000010 0.000010 0.759108
0.026288 0.033093 0.000010 0.081911 0.071604 0.000010 0.000010 0.787074
0.020644 0.066865 0.000010 0.107121 0.067405 0.000010 0.000010 0.737935
0.520712 0.000012 0.000010 0.000010 0.479226 0.000010 0.000010 0.000010
0.000010 0.000010 0.000010 0.000010 0.000010 0.000010 0.000010 0.999930
0.000010 0.000010 0.000010 0.000010 0.000010 0.000010 0.000010 0.999930
0.000010 0.000010 0.000010 0.000010 0.000010 0.000010 0.000010 0.999930
0.000010 0.000010 0.000010 0.000010 0.000010 0.000010 0.000010 0.999930
0.000010 0.000010 0.000010 0.000010 0.000010 0.000010 0.000010 0.999930
0.000010 0.000010 0.000010 0.000010 0.000010 0.000010 0.000010 0.999930
0.000010 0.000010 0.000010 0.000010 0.000010 0.000010 0.000010 0.999930
0.000010 0.000010 0.000010 0.000010 0.000010 0.965412 0.033012 0.001526
0.000010 0.000010 0.000010 0.000010 0.000010 0.997877 0.002063 0.000010
0.000010 0.000010 0.000010 0.000010 0.000010 0.679854 0.320086 0.000010
0.000010 0.000010 0.000010 0.000010 0.000010 0.646776 0.353164 0.000010
0.000010 0.000010 0.000010 0.000010 0.000010 0.999930 0.000010 0.000010
0.000010 0.000010 0.000010 0.000010 0.000010 0.999930 0.000010 0.000010
0.000010 0.000010 0.000010 0.000010 0.000010 0.999930 0.000010 0.000010
0.000010 0.000010 0.000010 0.000010 0.000010 0.336693 0.663247 0.000010
0.000010 0.000010 0.000010 0.000010 0.000010 0.327488 0.672452 0.000010
0.999930 0.000010 0.000010 0.000010 0.000010 0.000010 0.000010 0.000010
0.999930 0.000010 0.000010 0.000010 0.000010 0.000010 0.000010 0.000010
0.999930 0.000010 0.000010 0.000010 0.000010 0.000010 0.000010 0.000010
0.999930 0.000010 0.000010 0.000010 0.000010 0.000010 0.000010 0.000010
0.999930 0.000010 0.000010 0.000010 0.000010 0.000010 0.000010 0.000010
0.999930 0.000010 0.000010 0.000010 0.000010 0.000010 0.000010 0.000010
0.999930 0.000010 0.000010 0.000010 0.000010 0.000010 0.000010 0.000010
0.999930 0.000010 0.000010 0.000010 0.000010 0.000010 0.000010 0.000010
0.999919 0.000020 0.000011 0.000011 0.000010 0.000010 0.000010 0.000010
0.999930 0.000010 0.000010 0.000010 0.000010 0.000010 0.000010 0.000010
0.999930 0.000010 0.000010 0.000010 0.000010 0.000010 0.000010 0.000010
0.999930 0.000010 0.000010 0.000010 0.000010 0.000010 0.000010 0.000010
0.000010 0.000010 0.000010 0.000010 0.000010 0.000010 0.000010 0.999930
0.000010 0.000010 0.000010 0.000010 0.006340 0.000010 0.000010 0.993600
0.000010 0.000010 0.000010 0.000010 0.000010 0.000010 0.000010 0.999930
0.000010 0.000010 0.788795 0.000010 0.000010 0.000010 0.000010 0.211145
